2 38 7 76 0 0 0  Z88NI.TXT,erzeugt von Z88X V14OS
    1  2 +2.20400E+001 +3.21750E+001 +0.00000E+000
    2  2 +3.19130E+001 +2.87980E+001 +0.00000E+000
    3  2 +4.37810E+001 +2.48260E+001 +0.00000E+000
    4  2 +4.38800E+001 +3.23730E+001 +0.00000E+000
    5  2 +4.39800E+001 +3.94240E+001 +0.00000E+000
    6  2 +3.07160E+001 +3.95230E+001 +0.00000E+000
    7  2 +1.78510E+001 +3.95230E+001 +0.00000E+000
    8  2 +1.97460E+001 +3.61470E+001 +0.00000E+000
    9  2 +5.75430E+001 +2.82030E+001 +0.00000E+000
   10  2 +6.76160E+001 +3.47570E+001 +0.00000E+000
   11  2 +5.79420E+001 +4.12120E+001 +0.00000E+000
   12  2 +4.88670E+001 +4.69710E+001 +0.00000E+000
   13  2 +4.70000E+001 +4.25000E+001 +0.00000E+000
   14  2 +6.92110E+001 +4.94540E+001 +0.00000E+000
   15  2 +7.07070E+001 +6.39520E+001 +0.00000E+000
   16  2 +5.98370E+001 +6.24630E+001 +0.00000E+000
   17  2 +4.91660E+001 +6.11720E+001 +0.00000E+000
   18  2 +4.99640E+001 +5.40220E+001 +0.00000E+000
   19  2 +6.00360E+001 +8.02380E+001 +0.00000E+000
   20  2 +4.47780E+001 +8.42110E+001 +0.00000E+000
   21  2 +4.42790E+001 +7.63650E+001 +0.00000E+000
   22  2 +4.40800E+001 +6.86200E+001 +0.00000E+000
   23  2 +4.70000E+001 +6.60000E+001 +0.00000E+000
   24  2 +3.61020E+001 +8.11320E+001 +0.00000E+000
   25  2 +2.60290E+001 +7.80540E+001 +0.00000E+000
   26  2 +2.25390E+001 +7.34860E+001 +0.00000E+000
   27  2 +1.84500E+001 +6.86200E+001 +0.00000E+000
   28  2 +3.11150E+001 +6.84210E+001 +0.00000E+000
   29  2 +7.52950E+001 +3.55510E+001 +0.00000E+000
   30  2 +8.07800E+001 +3.41610E+001 +0.00000E+000
   31  2 +8.39710E+001 +4.52830E+001 +0.00000E+000
   32  2 +8.71620E+001 +5.70010E+001 +0.00000E+000
   33  2 +7.76880E+001 +5.96820E+001 +0.00000E+000
   34  2 +1.38622E+002 +1.94640E+001 +0.00000E+000
   35  2 +1.96664E+002 +4.66700E+000 +0.00000E+000
   36  2 +2.00054E+002 +1.67830E+001 +0.00000E+000
   37  2 +2.02847E+002 +2.75070E+001 +0.00000E+000
   38  2 +1.44905E+002 +4.24030E+001 +0.00000E+000
    1     7
    1     3     5     7     2     4     6     8
    2     7
    3    10    12     5     9    11    13     4
    3     7
   10    15    17    12    14    16    18    11
    4     7
   15    20    22    17    19    21    23    16
    5     7
   20    25    27    22    24    26    28    21
    6     7
   10    30    32    15    29    31    33    14
    7     7
   30    35    37    32    34    36    38    31
    1     7   Superele. Nr.1,Typ 7, --> Finites Ele. Typ 7
    3 E     3 E
    2     7   Superele. Nr.2,Typ 7, --> Finites Ele. Typ 7
    3 E     3 E
    3     7   Superele. Nr.3,Typ 7, --> Finites Ele. Typ 7
    3 E     3 E
    4     7   Superele. Nr.4,Typ 7, --> Finites Ele. Typ 7
    3 E     3 E
    5     7   Superele. Nr.5,Typ 7, --> Finites Ele. Typ 7
    3 E     3 E
    6     7   Superele. Nr.6,Typ 7, --> Finites Ele. Typ 7
    1 E     3 E
    7     7   Superele. Nr.7,Typ 7, --> Finites Ele. Typ 7
    6 E     3 E
