    3   126    48   378     0 Z88I1.TXT <-- Z88N V15.0
    1  3 +2.00000E+001 +0.00000E+000 +5.00000E+000
    2  3 +2.00000E+001 +0.00000E+000 +0.00000E+000
    3  3 +1.92976E+001 +5.23192E+000 +5.00000E+000
    4  3 +1.92976E+001 +5.23192E+000 +0.00000E+000
    5  3 +1.73450E+001 +9.94595E+000 +5.00000E+000
    6  3 +1.73450E+001 +9.94595E+000 +0.00000E+000
    7  3 +1.41421E+001 +1.41421E+001 +5.00000E+000
    8  3 +1.41421E+001 +1.41421E+001 +0.00000E+000
    9  3 +2.44161E+001 +0.00000E+000 +5.00000E+000
   10  3 +2.44161E+001 +0.00000E+000 +0.00000E+000
   11  3 +2.35586E+001 +6.38715E+000 +5.00000E+000
   12  3 +2.35586E+001 +6.38715E+000 +0.00000E+000
   13  3 +2.11748E+001 +1.21421E+001 +5.00000E+000
   14  3 +2.11748E+001 +1.21421E+001 +0.00000E+000
   15  3 +1.72647E+001 +1.72647E+001 +5.00000E+000
   16  3 +1.72647E+001 +1.72647E+001 +0.00000E+000
   17  3 +2.94822E+001 +0.00000E+000 +5.00000E+000
   18  3 +2.94822E+001 +0.00000E+000 +0.00000E+000
   19  3 +2.84469E+001 +7.71243E+000 +5.00000E+000
   20  3 +2.84469E+001 +7.71243E+000 +0.00000E+000
   21  3 +2.55685E+001 +1.46614E+001 +5.00000E+000
   22  3 +2.55685E+001 +1.46614E+001 +0.00000E+000
   23  3 +2.08470E+001 +2.08470E+001 +5.00000E+000
   24  3 +2.08470E+001 +2.08470E+001 +0.00000E+000
   25  3 +3.52941E+001 +0.00000E+000 +5.00000E+000
   26  3 +3.52941E+001 +0.00000E+000 +0.00000E+000
   27  3 +3.40546E+001 +9.23280E+000 +5.00000E+000
   28  3 +3.40546E+001 +9.23280E+000 +0.00000E+000
   29  3 +3.06088E+001 +1.75517E+001 +5.00000E+000
   30  3 +3.06088E+001 +1.75517E+001 +0.00000E+000
   31  3 +2.49567E+001 +2.49567E+001 +5.00000E+000
   32  3 +2.49567E+001 +2.49567E+001 +0.00000E+000
   33  3 +4.19615E+001 +0.00000E+000 +5.00000E+000
   34  3 +4.19615E+001 +0.00000E+000 +0.00000E+000
   35  3 +4.04879E+001 +1.09770E+001 +5.00000E+000
   36  3 +4.04879E+001 +1.09770E+001 +0.00000E+000
   37  3 +3.63911E+001 +2.08674E+001 +5.00000E+000
   38  3 +3.63911E+001 +2.08674E+001 +0.00000E+000
   39  3 +2.96712E+001 +2.96712E+001 +5.00000E+000
   40  3 +2.96712E+001 +2.96712E+001 +0.00000E+000
   41  3 +4.96104E+001 +0.00000E+000 +5.00000E+000
   42  3 +4.96104E+001 +0.00000E+000 +0.00000E+000
   43  3 +4.78682E+001 +1.29779E+001 +5.00000E+000
   44  3 +4.78682E+001 +1.29779E+001 +0.00000E+000
   45  3 +4.30246E+001 +2.46712E+001 +5.00000E+000
   46  3 +4.30246E+001 +2.46712E+001 +0.00000E+000
   47  3 +3.50798E+001 +3.50798E+001 +5.00000E+000
   48  3 +3.50798E+001 +3.50798E+001 +0.00000E+000
   49  3 +5.83852E+001 +0.00000E+000 +5.00000E+000
   50  3 +5.83852E+001 +0.00000E+000 +0.00000E+000
   51  3 +5.63348E+001 +1.52733E+001 +5.00000E+000
   52  3 +5.63348E+001 +1.52733E+001 +0.00000E+000
   53  3 +5.06346E+001 +2.90348E+001 +5.00000E+000
   54  3 +5.06346E+001 +2.90348E+001 +0.00000E+000
   55  3 +4.12845E+001 +4.12845E+001 +5.00000E+000
   56  3 +4.12845E+001 +4.12845E+001 +0.00000E+000
   57  3 +6.84517E+001 +0.00000E+000 +5.00000E+000
   58  3 +6.84517E+001 +0.00000E+000 +0.00000E+000
   59  3 +6.60478E+001 +1.79067E+001 +5.00000E+000
   60  3 +6.60478E+001 +1.79067E+001 +0.00000E+000
   61  3 +5.93648E+001 +3.40409E+001 +5.00000E+000
   62  3 +5.93648E+001 +3.40409E+001 +0.00000E+000
   63  3 +4.84026E+001 +4.84026E+001 +5.00000E+000
   64  3 +4.84026E+001 +4.84026E+001 +0.00000E+000
   65  3 +8.00000E+001 +0.00000E+000 +5.00000E+000
   66  3 +8.00000E+001 +0.00000E+000 +0.00000E+000
   67  3 +7.71905E+001 +2.09277E+001 +5.00000E+000
   68  3 +7.71905E+001 +2.09277E+001 +0.00000E+000
   69  3 +6.93800E+001 +3.97838E+001 +5.00000E+000
   70  3 +6.93800E+001 +3.97838E+001 +0.00000E+000
   71  3 +5.65685E+001 +5.65685E+001 +5.00000E+000
   72  3 +5.65685E+001 +5.65685E+001 +0.00000E+000
   73  3 +9.94595E+000 +1.73450E+001 +5.00000E+000
   74  3 +9.94595E+000 +1.73450E+001 +0.00000E+000
   75  3 +5.23192E+000 +1.92976E+001 +5.00000E+000
   76  3 +5.23192E+000 +1.92976E+001 +0.00000E+000
   77  3 -3.00000E-006 +2.00000E+001 +5.00000E+000
   78  3 -3.00000E-006 +2.00000E+001 +0.00000E+000
   79  3 +1.21421E+001 +2.11748E+001 +5.00000E+000
   80  3 +1.21421E+001 +2.11748E+001 +0.00000E+000
   81  3 +6.38715E+000 +2.35586E+001 +5.00000E+000
   82  3 +6.38715E+000 +2.35586E+001 +0.00000E+000
   83  3 -3.94598E-006 +2.44161E+001 +5.00000E+000
   84  3 -3.94598E-006 +2.44161E+001 +0.00000E+000
   85  3 +1.46614E+001 +2.55685E+001 +5.00000E+000
   86  3 +1.46614E+001 +2.55685E+001 +0.00000E+000
   87  3 +7.71243E+000 +2.84469E+001 +5.00000E+000
   88  3 +7.71243E+000 +2.84469E+001 +0.00000E+000
   89  3 -5.00453E-006 +2.94822E+001 +5.00000E+000
   90  3 -5.00453E-006 +2.94822E+001 +0.00000E+000
   91  3 +1.75517E+001 +3.06088E+001 +5.00000E+000
   92  3 +1.75517E+001 +3.06088E+001 +0.00000E+000
   93  3 +9.23279E+000 +3.40546E+001 +5.00000E+000
   94  3 +9.23279E+000 +3.40546E+001 +0.00000E+000
   95  3 -6.18377E-006 +3.52941E+001 +5.00000E+000
   96  3 -6.18377E-006 +3.52941E+001 +0.00000E+000
   97  3 +2.08674E+001 +3.63911E+001 +5.00000E+000
   98  3 +2.08674E+001 +3.63911E+001 +0.00000E+000
   99  3 +1.09770E+001 +4.04879E+001 +5.00000E+000
  100  3 +1.09770E+001 +4.04879E+001 +0.00000E+000
  101  3 -7.49038E-006 +4.19615E+001 +5.00000E+000
  102  3 -7.49038E-006 +4.19615E+001 +0.00000E+000
  103  3 +2.46712E+001 +4.30246E+001 +5.00000E+000
  104  3 +2.46712E+001 +4.30246E+001 +0.00000E+000
  105  3 +1.29779E+001 +4.78682E+001 +5.00000E+000
  106  3 +1.29779E+001 +4.78682E+001 +0.00000E+000
  107  3 -8.92849E-006 +4.96104E+001 +5.00000E+000
  108  3 -8.92849E-006 +4.96104E+001 +0.00000E+000
  109  3 +2.90348E+001 +5.06346E+001 +5.00000E+000
  110  3 +2.90348E+001 +5.06346E+001 +0.00000E+000
  111  3 +1.52733E+001 +5.63348E+001 +5.00000E+000
  112  3 +1.52733E+001 +5.63348E+001 +0.00000E+000
  113  3 -1.04982E-005 +5.83852E+001 +5.00000E+000
  114  3 -1.04982E-005 +5.83852E+001 +0.00000E+000
  115  3 +3.40409E+001 +5.93648E+001 +5.00000E+000
  116  3 +3.40409E+001 +5.93648E+001 +0.00000E+000
  117  3 +1.79067E+001 +6.60478E+001 +5.00000E+000
  118  3 +1.79067E+001 +6.60478E+001 +0.00000E+000
  119  3 -1.21937E-005 +6.84517E+001 +5.00000E+000
  120  3 -1.21937E-005 +6.84517E+001 +0.00000E+000
  121  3 +3.97838E+001 +6.93800E+001 +5.00000E+000
  122  3 +3.97838E+001 +6.93800E+001 +0.00000E+000
  123  3 +2.09277E+001 +7.71905E+001 +5.00000E+000
  124  3 +2.09277E+001 +7.71905E+001 +0.00000E+000
  125  3 -1.40000E-005 +8.00000E+001 +5.00000E+000
  126  3 -1.40000E-005 +8.00000E+001 +0.00000E+000
    1     1
    1     9    11     3     2    10    12     4
    2     1
    3    11    13     5     4    12    14     6
    3     1
    5    13    15     7     6    14    16     8
    4     1
    9    17    19    11    10    18    20    12
    5     1
   11    19    21    13    12    20    22    14
    6     1
   13    21    23    15    14    22    24    16
    7     1
   17    25    27    19    18    26    28    20
    8     1
   19    27    29    21    20    28    30    22
    9     1
   21    29    31    23    22    30    32    24
   10     1
   25    33    35    27    26    34    36    28
   11     1
   27    35    37    29    28    36    38    30
   12     1
   29    37    39    31    30    38    40    32
   13     1
   33    41    43    35    34    42    44    36
   14     1
   35    43    45    37    36    44    46    38
   15     1
   37    45    47    39    38    46    48    40
   16     1
   41    49    51    43    42    50    52    44
   17     1
   43    51    53    45    44    52    54    46
   18     1
   45    53    55    47    46    54    56    48
   19     1
   49    57    59    51    50    58    60    52
   20     1
   51    59    61    53    52    60    62    54
   21     1
   53    61    63    55    54    62    64    56
   22     1
   57    65    67    59    58    66    68    60
   23     1
   59    67    69    61    60    68    70    62
   24     1
   61    69    71    63    62    70    72    64
   25     1
    7    15    79    73     8    16    80    74
   26     1
   73    79    81    75    74    80    82    76
   27     1
   75    81    83    77    76    82    84    78
   28     1
   15    23    85    79    16    24    86    80
   29     1
   79    85    87    81    80    86    88    82
   30     1
   81    87    89    83    82    88    90    84
   31     1
   23    31    91    85    24    32    92    86
   32     1
   85    91    93    87    86    92    94    88
   33     1
   87    93    95    89    88    94    96    90
   34     1
   31    39    97    91    32    40    98    92
   35     1
   91    97    99    93    92    98   100    94
   36     1
   93    99   101    95    94   100   102    96
   37     1
   39    47   103    97    40    48   104    98
   38     1
   97   103   105    99    98   104   106   100
   39     1
   99   105   107   101   100   106   108   102
   40     1
   47    55   109   103    48    56   110   104
   41     1
  103   109   111   105   104   110   112   106
   42     1
  105   111   113   107   106   112   114   108
   43     1
   55    63   115   109    56    64   116   110
   44     1
  109   115   117   111   110   116   118   112
   45     1
  111   117   119   113   112   118   120   114
   46     1
   63    71   121   115    64    72   122   116
   47     1
  115   121   123   117   116   122   124   118
   48     1
  117   123   125   119   118   124   126   120
