3 32 2 96 0 0 0  Z88NI.TXT,erzeugt von Z88X V14OS
    1  3 +2.00000E+001 +0.00000E+000 +5.00000E+000
    2  3 +8.00000E+001 +0.00000E+000 +5.00000E+000
    3  3 +5.65685E+001 +5.65685E+001 +5.00000E+000
    4  3 +1.41421E+001 +1.41421E+001 +5.00000E+000
    5  3 +2.00000E+001 +0.00000E+000 +0.00000E+000
    6  3 +8.00000E+001 +0.00000E+000 +0.00000E+000
    7  3 +5.65685E+001 +5.65685E+001 +0.00000E+000
    8  3 +1.41421E+001 +1.41421E+001 +0.00000E+000
    9  3 +5.00000E+001 +0.00000E+000 +5.00000E+000
   10  3 +7.39104E+001 +3.06147E+001 +5.00000E+000
   11  3 +3.53553E+001 +3.53553E+001 +5.00000E+000
   12  3 +1.84776E+001 +7.65367E+000 +5.00000E+000
   13  3 +5.00000E+001 +0.00000E+000 +0.00000E+000
   14  3 +7.39104E+001 +3.06147E+001 +0.00000E+000
   15  3 +3.53553E+001 +3.53553E+001 +0.00000E+000
   16  3 +1.84776E+001 +7.65367E+000 +0.00000E+000
   17  3 +2.00000E+001 +0.00000E+000 +2.50000E+000
   18  3 +8.00000E+001 +0.00000E+000 +2.50000E+000
   19  3 +5.65685E+001 +5.65685E+001 +2.50000E+000
   20  3 +1.41421E+001 +1.41421E+001 +2.50000E+000
   21  3 -1.40000E-005 +8.00000E+001 +5.00000E+000
   22  3 -3.00000E-006 +2.00000E+001 +5.00000E+000
   23  3 -1.40000E-005 +8.00000E+001 +0.00000E+000
   24  3 -3.00000E-006 +2.00000E+001 +0.00000E+000
   25  3 +3.06147E+001 +7.39104E+001 +5.00000E+000
   26  3 -9.00000E-006 +5.00000E+001 +5.00000E+000
   27  3 +7.65367E+000 +1.84776E+001 +5.00000E+000
   28  3 +3.06147E+001 +7.39104E+001 +0.00000E+000
   29  3 -9.00000E-006 +5.00000E+001 +0.00000E+000
   30  3 +7.65367E+000 +1.84776E+001 +0.00000E+000
   31  3 -1.40000E-005 +8.00000E+001 +2.50000E+000
   32  3 -3.00000E-006 +2.00000E+001 +2.50000E+000
    1    10
    1     2     3     4     5     6     7     8     9    10    11    12    13    14    15    16    17    18    19    20
    2    10
    4     3    21    22     8     7    23    24    11    25    26    27    15    28    29    30    20    19    31    32
    1     1   Superele. Nr.1,Typ 10, --> Finites Ele. Typ 1
    8 L     3 e     1 e
    2     1   Superele. Nr.2,Typ 10, --> Finites Ele. Typ 1
    8 L     3 e     1 e
