     2     3     1
  +2.686E+01  +3.323E+01  +2.127E+02
  +2.719E+01  +3.195E+01  +2.460E+02
  +2.754E+01  +3.064E+01  +3.078E+02
  +2.408E+01  +3.385E+01  +1.519E+02
  +2.451E+01  +3.268E+01  +1.602E+02
  +2.497E+01  +3.147E+01  +2.008E+02
  +2.140E+01  +3.443E+01  +1.498E+02
  +2.195E+01  +3.337E+01  +1.219E+02
  +2.254E+01  +3.227E+01  +1.084E+02
  +2.611E+01  +3.636E+01  +2.096E+02
  +2.639E+01  +3.518E+01  +2.048E+02
  +2.668E+01  +3.396E+01  +2.069E+02
  +2.306E+01  +3.668E+01  +1.515E+02
  +2.344E+01  +3.561E+01  +1.514E+02
  +2.384E+01  +3.451E+01  +1.581E+02
  +2.007E+01  +3.699E+01  +1.118E+02
  +2.057E+01  +3.603E+01  +1.150E+02
  +2.108E+01  +3.503E+01  +1.289E+02
  +2.548E+01  +3.923E+01  +1.848E+02
  +2.571E+01  +3.814E+01  +2.021E+02
  +2.595E+01  +3.702E+01  +2.033E+02
  +2.218E+01  +3.926E+01  +1.647E+02
  +2.250E+01  +3.829E+01  +1.786E+02
  +2.285E+01  +3.729E+01  +1.870E+02
  +1.892E+01  +3.928E+01  +3.629E+01
  +1.935E+01  +3.843E+01  +5.013E+01
  +1.980E+01  +3.753E+01  +7.123E+01
  +3.452E+01  +3.151E+01  +1.960E+02
  +3.463E+01  +2.992E+01  +3.059E+02
  +3.475E+01  +2.831E+01  +4.294E+02
  +3.148E+01  +3.220E+01  +1.896E+02
  +3.166E+01  +3.074E+01  +2.771E+02
  +3.185E+01  +2.924E+01  +3.869E+02
  +2.853E+01  +3.286E+01  +2.050E+02
  +2.880E+01  +3.152E+01  +2.578E+02
  +2.909E+01  +3.014E+01  +3.466E+02
  +3.429E+01  +3.542E+01  +1.410E+02
  +3.437E+01  +3.393E+01  +1.073E+02
  +3.446E+01  +3.241E+01  +1.561E+02
  +3.107E+01  +3.580E+01  +1.373E+02
  +3.121E+01  +3.443E+01  +1.228E+02
  +3.138E+01  +3.303E+01  +1.578E+02
  +2.791E+01  +3.616E+01  +1.684E+02
  +2.814E+01  +3.491E+01  +1.690E+02
  +2.838E+01  +3.362E+01  +1.874E+02
  +3.412E+01  +3.911E+01  +3.641E+02
  +3.418E+01  +3.771E+01  +2.709E+02
  +3.424E+01  +3.628E+01  +1.933E+02
  +3.075E+01  +3.916E+01  +3.200E+02
  +3.086E+01  +3.789E+01  +2.352E+02
  +3.099E+01  +3.658E+01  +1.763E+02
  +2.741E+01  +3.920E+01  +2.725E+02
  +2.759E+01  +3.805E+01  +1.975E+02
  +2.779E+01  +3.687E+01  +1.683E+02
  +4.286E+01  +2.958E+01  +2.401E+02
  +4.284E+01  +2.767E+01  +2.810E+02
  +4.282E+01  +2.572E+01  +3.132E+02
  +3.955E+01  +3.035E+01  +2.173E+02
  +3.957E+01  +2.857E+01  +2.956E+02
  +3.960E+01  +2.675E+01  +3.649E+02
  +3.634E+01  +3.109E+01  +1.986E+02
  +3.641E+01  +2.943E+01  +3.200E+02
  +3.649E+01  +2.775E+01  +4.322E+02
  +4.291E+01  +3.437E+01  +1.188E+02
  +4.289E+01  +3.254E+01  +1.377E+02
  +4.287E+01  +3.068E+01  +2.062E+02
  +3.952E+01  +3.479E+01  +1.231E+02
  +3.953E+01  +3.310E+01  +9.846E+01
  +3.954E+01  +3.137E+01  +1.616E+02
  +3.619E+01  +3.520E+01  +1.655E+02
  +3.624E+01  +3.363E+01  +1.032E+02
  +3.630E+01  +3.204E+01  +1.446E+02
  +4.296E+01  +3.893E+01  +5.459E+02
  +4.294E+01  +3.719E+01  +3.408E+02
  +4.292E+01  +3.542E+01  +1.787E+02
  +3.951E+01  +3.901E+01  +4.478E+02
  +3.951E+01  +3.740E+01  +2.922E+02
  +3.951E+01  +3.576E+01  +1.525E+02
  +3.609E+01  +3.907E+01  +3.713E+02
  +3.613E+01  +3.760E+01  +2.783E+02
  +3.616E+01  +3.609E+01  +2.084E+02
  +5.038E+01  +3.100E+01  +2.066E+02
  +5.124E+01  +2.903E+01  +2.853E+02
  +5.211E+01  +2.703E+01  +3.548E+02
  +4.765E+01  +3.017E+01  +2.155E+02
  +4.814E+01  +2.820E+01  +2.691E+02
  +4.863E+01  +2.619E+01  +3.172E+02
  +4.473E+01  +2.951E+01  +2.456E+02
  +4.482E+01  +2.755E+01  +2.787E+02
  +4.492E+01  +2.556E+01  +3.092E+02
  +4.822E+01  +3.591E+01  +1.120E+02
  +4.905E+01  +3.403E+01  +1.078E+02
  +4.989E+01  +3.213E+01  +1.646E+02
  +4.643E+01  +3.509E+01  +1.207E+02
  +4.690E+01  +3.321E+01  +1.308E+02
  +4.737E+01  +3.130E+01  +1.885E+02
  +4.449E+01  +3.441E+01  +1.117E+02
  +4.458E+01  +3.254E+01  +1.556E+02
  +4.467E+01  +3.063E+01  +2.237E+02
  +4.614E+01  +4.057E+01  +6.097E+02
  +4.693E+01  +3.879E+01  +2.766E+02
  +4.774E+01  +3.698E+01  +1.551E+02
  +4.525E+01  +3.978E+01  +6.781E+02
  +4.570E+01  +3.799E+01  +2.984E+02
  +4.616E+01  +3.617E+01  +1.629E+02
  +4.427E+01  +3.909E+01  +7.197E+02
  +4.436E+01  +3.731E+01  +2.801E+02
  +4.444E+01  +3.549E+01  +1.529E+02
  +5.652E+01  +3.397E+01  +1.668E+02
  +5.824E+01  +3.209E+01  +2.255E+02
  +5.999E+01  +3.016E+01  +2.787E+02
  +5.430E+01  +3.268E+01  +1.744E+02
  +5.570E+01  +3.075E+01  +2.379E+02
  +5.713E+01  +2.878E+01  +2.947E+02
  +5.188E+01  +3.157E+01  +1.976E+02
  +5.295E+01  +2.961E+01  +2.657E+02
  +5.403E+01  +2.761E+01  +3.259E+02
  +5.220E+01  +3.864E+01  +9.153E+01
  +5.386E+01  +3.687E+01  +6.938E+01
  +5.553E+01  +3.505E+01  +1.334E+02
  +5.077E+01  +3.748E+01  +9.758E+01
  +5.212E+01  +3.565E+01  +8.202E+01
  +5.349E+01  +3.378E+01  +1.396E+02
  +4.920E+01  +3.644E+01  +9.642E+01
  +5.023E+01  +3.458E+01  +1.018E+02
  +5.127E+01  +3.269E+01  +1.593E+02
  +4.805E+01  +4.304E+01  +4.745E+02
  +4.964E+01  +4.137E+01  +2.782E+02
  +5.125E+01  +3.966E+01  +1.474E+02
  +4.737E+01  +4.201E+01  +5.266E+02
  +4.867E+01  +4.028E+01  +3.055E+02
  +4.999E+01  +3.852E+01  +1.566E+02
  +4.662E+01  +4.107E+01  +5.611E+02
  +4.760E+01  +3.931E+01  +3.099E+02
  +4.861E+01  +3.751E+01  +1.559E+02
  +6.136E+01  +3.812E+01  +9.406E+01
  +6.379E+01  +3.642E+01  +1.817E+02
  +6.626E+01  +3.467E+01  +2.888E+02
  +5.964E+01  +3.637E+01  +1.186E+02
  +6.181E+01  +3.459E+01  +1.872E+02
  +6.402E+01  +3.276E+01  +2.723E+02
  +5.773E+01  +3.480E+01  +1.550E+02
  +5.962E+01  +3.295E+01  +2.057E+02
  +6.154E+01  +3.106E+01  +2.720E+02
  +5.526E+01  +4.230E+01  +9.776E+01
  +5.759E+01  +4.071E+01  +4.996E+01
  +5.996E+01  +3.909E+01  +7.278E+01
  +5.418E+01  +4.077E+01  +9.725E+01
  +5.627E+01  +3.910E+01  +4.533E+01
  +5.839E+01  +3.739E+01  +8.925E+01
  +5.297E+01  +3.939E+01  +9.243E+01
  +5.479E+01  +3.765E+01  +6.402E+01
  +5.664E+01  +3.586E+01  +1.281E+02
  +4.941E+01  +4.617E+01  +3.618E+02
  +5.164E+01  +4.471E+01  +2.321E+02
  +5.392E+01  +4.320E+01  +1.447E+02
  +4.895E+01  +4.488E+01  +4.055E+02
  +5.095E+01  +4.333E+01  +2.594E+02
  +5.298E+01  +4.173E+01  +1.547E+02
  +4.840E+01  +4.369E+01  +4.414E+02
  +5.015E+01  +4.206E+01  +2.743E+02
  +5.193E+01  +4.038E+01  +1.538E+02
  +6.280E+01  +4.592E+01  +9.179E+01
  +6.530E+01  +4.487E+01  +9.011E+01
  +6.783E+01  +4.379E+01  +8.943E+01
  +6.240E+01  +4.275E+01  +7.766E+01
  +6.489E+01  +4.144E+01  +8.021E+01
  +6.742E+01  +4.008E+01  +9.068E+01
  +6.196E+01  +3.958E+01  +7.926E+01
  +6.446E+01  +3.799E+01  +1.159E+02
  +6.699E+01  +3.635E+01  +1.527E+02
  +5.650E+01  +4.849E+01  +1.200E+02
  +5.892E+01  +4.752E+01  +8.689E+01
  +6.136E+01  +4.652E+01  +9.151E+01
  +5.614E+01  +4.599E+01  +1.151E+02
  +5.853E+01  +4.477E+01  +6.846E+01
  +6.097E+01  +4.351E+01  +6.848E+01
  +5.569E+01  +4.349E+01  +1.122E+02
  +5.809E+01  +4.201E+01  +5.862E+01
  +6.052E+01  +4.049E+01  +7.046E+01
  +5.042E+01  +5.087E+01  +2.752E+02
  +5.275E+01  +4.997E+01  +2.029E+02
  +5.511E+01  +4.905E+01  +1.452E+02
  +5.011E+01  +4.899E+01  +3.087E+02
  +5.241E+01  +4.786E+01  +2.170E+02
  +5.476E+01  +4.669E+01  +1.485E+02
  +4.968E+01  +4.711E+01  +3.357E+02
  +5.197E+01  +4.574E+01  +2.292E+02
  +5.431E+01  +4.433E+01  +1.574E+02
  +6.365E+01  +5.405E+01  +9.565E+01
  +6.623E+01  +5.369E+01  +1.111E+02
  +6.884E+01  +5.333E+01  +1.238E+02
  +6.335E+01  +5.091E+01  +1.011E+02
  +6.589E+01  +5.028E+01  +1.072E+02
  +6.846E+01  +4.964E+01  +1.116E+02
  +6.302E+01  +4.776E+01  +9.632E+01
  +6.553E+01  +4.687E+01  +9.552E+01
  +6.806E+01  +4.595E+01  +9.383E+01
  +5.707E+01  +5.494E+01  +8.060E+01
  +5.960E+01  +5.460E+01  +6.608E+01
  +6.215E+01  +5.426E+01  +8.876E+01
  +5.692E+01  +5.244E+01  +9.478E+01
  +5.939E+01  +5.186E+01  +7.452E+01
  +6.189E+01  +5.126E+01  +9.109E+01
  +5.668E+01  +4.995E+01  +1.119E+02
  +5.911E+01  +4.912E+01  +8.563E+01
  +6.157E+01  +4.826E+01  +9.513E+01
  +5.065E+01  +5.577E+01  +2.349E+02
  +5.312E+01  +5.546E+01  +1.664E+02
  +5.561E+01  +5.513E+01  +1.067E+02
  +5.066E+01  +5.387E+01  +2.502E+02
  +5.306E+01  +5.333E+01  +1.781E+02
  +5.549E+01  +5.277E+01  +1.191E+02
  +5.054E+01  +5.197E+01  +2.622E+02
  +5.289E+01  +5.121E+01  +1.887E+02
  +5.528E+01  +5.042E+01  +1.330E+02
  +6.421E+01  +6.214E+01  +6.169E+01
  +6.699E+01  +6.245E+01  +7.237E+01
  +6.978E+01  +6.277E+01  +7.474E+01
  +6.402E+01  +5.901E+01  +8.818E+01
  +6.672E+01  +5.907E+01  +1.019E+02
  +6.943E+01  +5.912E+01  +1.082E+02
  +6.380E+01  +5.588E+01  +9.466E+01
  +6.642E+01  +5.567E+01  +1.195E+02
  +6.906E+01  +5.546E+01  +1.343E+02
  +5.709E+01  +6.138E+01  +5.722E+01
  +5.984E+01  +6.167E+01  +3.536E+01
  +6.260E+01  +6.196E+01  +5.089E+01
  +5.715E+01  +5.889E+01  +6.683E+01
  +5.980E+01  +5.894E+01  +4.727E+01
  +6.246E+01  +5.898E+01  +6.446E+01
  +5.712E+01  +5.639E+01  +7.476E+01
  +5.969E+01  +5.620E+01  +5.853E+01
  +6.228E+01  +5.600E+01  +7.942E+01
  +5.008E+01  +6.070E+01  +2.309E+02
  +5.278E+01  +6.096E+01  +1.493E+02
  +5.550E+01  +6.122E+01  +8.334E+01
  +5.040E+01  +5.879E+01  +2.345E+02
  +5.300E+01  +5.882E+01  +1.546E+02
  +5.562E+01  +5.886E+01  +9.171E+01
  +5.059E+01  +5.688E+01  +2.348E+02
  +5.311E+01  +5.669E+01  +1.578E+02
  +5.564E+01  +5.651E+01  +9.908E+01
  +5.983E+01  +7.181E+01  +7.258E+01
  +6.206E+01  +7.323E+01  +8.753E+01
  +6.429E+01  +7.466E+01  +1.178E+02
  +6.191E+01  +6.839E+01  +4.844E+01
  +6.441E+01  +6.941E+01  +8.055E+01
  +6.693E+01  +7.045E+01  +1.210E+02
  +6.376E+01  +6.434E+01  +5.515E+01
  +6.650E+01  +6.488E+01  +9.635E+01
  +6.926E+01  +6.544E+01  +1.445E+02
  +5.416E+01  +6.821E+01  +5.891E+01
  +5.635E+01  +6.960E+01  +4.895E+01
  +5.855E+01  +7.100E+01  +6.416E+01
  +5.552E+01  +6.581E+01  +5.733E+01
  +5.799E+01  +6.680E+01  +3.268E+01
  +6.046E+01  +6.780E+01  +4.147E+01
  +5.674E+01  +6.300E+01  +5.546E+01
  +5.945E+01  +6.351E+01  +3.280E+01
  +6.217E+01  +6.403E+01  +4.499E+01
  +4.860E+01  +6.469E+01  +2.398E+02
  +5.074E+01  +6.604E+01  +1.407E+02
  +5.290E+01  +6.741E+01  +7.860E+01
  +4.923E+01  +6.330E+01  +2.427E+02
  +5.166E+01  +6.426E+01  +1.444E+02
  +5.410E+01  +6.523E+01  +8.294E+01
  +4.981E+01  +6.175E+01  +2.389E+02
  +5.248E+01  +6.222E+01  +1.396E+02
  +5.517E+01  +6.271E+01  +7.858E+01
  +5.340E+01  +7.779E+01  +7.103E+01
  +5.476E+01  +7.981E+01  +7.582E+01
  +5.613E+01  +8.185E+01  +7.970E+01
  +5.608E+01  +7.596E+01  +6.762E+01
  +5.779E+01  +7.782E+01  +7.433E+01
  +5.953E+01  +7.969E+01  +8.169E+01
  +5.852E+01  +7.352E+01  +7.756E+01
  +6.056E+01  +7.513E+01  +8.684E+01
  +6.263E+01  +7.674E+01  +9.689E+01
  +4.999E+01  +7.259E+01  +8.105E+01
  +5.130E+01  +7.460E+01  +7.039E+01
  +5.262E+01  +7.661E+01  +6.782E+01
  +5.172E+01  +7.121E+01  +7.122E+01
  +5.339E+01  +7.304E+01  +5.884E+01
  +5.508E+01  +7.489E+01  +6.078E+01
  +5.331E+01  +6.943E+01  +6.386E+01
  +5.531E+01  +7.101E+01  +5.544E+01
  +5.733E+01  +7.259E+01  +6.611E+01
  +4.668E+01  +6.746E+01  +2.357E+02
  +4.795E+01  +6.944E+01  +1.207E+02
  +4.923E+01  +7.143E+01  +8.125E+01
  +4.747E+01  +6.652E+01  +2.462E+02
  +4.910E+01  +6.833E+01  +1.323E+02
  +5.075E+01  +7.015E+01  +8.132E+01
  +4.820E+01  +6.541E+01  +2.432E+02
  +5.017E+01  +6.696E+01  +1.307E+02
  +5.215E+01  +6.852E+01  +7.540E+01
  +4.544E+01  +7.961E+01  +6.096E+01
  +4.571E+01  +8.167E+01  +5.974E+01
  +4.600E+01  +8.374E+01  +6.174E+01
  +4.871E+01  +7.940E+01  +6.025E+01
  +4.942E+01  +8.151E+01  +5.998E+01
  +5.016E+01  +8.364E+01  +6.316E+01
  +5.174E+01  +7.856E+01  +6.916E+01
  +5.287E+01  +8.064E+01  +7.206E+01
  +5.402E+01  +8.274E+01  +7.748E+01
  +4.484E+01  +7.433E+01  +9.816E+01
  +4.506E+01  +7.637E+01  +7.805E+01
  +4.529E+01  +7.842E+01  +6.953E+01
  +4.695E+01  +7.397E+01  +9.296E+01
  +4.761E+01  +7.606E+01  +7.373E+01
  +4.830E+01  +7.817E+01  +6.647E+01
  +4.891E+01  +7.322E+01  +8.731E+01
  +4.999E+01  +7.528E+01  +7.224E+01
  +5.109E+01  +7.735E+01  +6.919E+01
  +4.437E+01  +6.909E+01  +2.014E+02
  +4.454E+01  +7.111E+01  +1.124E+02
  +4.472E+01  +7.314E+01  +1.388E+02
  +4.531E+01  +6.859E+01  +2.344E+02
  +4.593E+01  +7.067E+01  +1.187E+02
  +4.657E+01  +7.275E+01  +1.134E+02
  +4.620E+01  +6.793E+01  +2.369E+02
  +4.723E+01  +6.997E+01  +1.151E+02
  +4.829E+01  +7.202E+01  +9.205E+01
  +3.878E+01  +7.828E+01  +4.989E+01
  +3.923E+01  +8.007E+01  +4.045E+01
  +3.968E+01  +8.187E+01  +4.448E+01
  +4.129E+01  +7.883E+01  +5.155E+01
  +4.161E+01  +8.073E+01  +4.602E+01
  +4.194E+01  +8.263E+01  +5.013E+01
  +4.374E+01  +7.939E+01  +5.844E+01
  +4.392E+01  +8.139E+01  +5.429E+01
  +4.411E+01  +8.340E+01  +5.763E+01
  +3.763E+01  +7.363E+01  +6.941E+01
  +3.808E+01  +7.543E+01  +5.978E+01
  +3.852E+01  +7.723E+01  +5.521E+01
  +4.051E+01  +7.394E+01  +8.171E+01
  +4.081E+01  +7.583E+01  +6.980E+01
  +4.111E+01  +7.773E+01  +5.949E+01
  +4.337E+01  +7.426E+01  +1.092E+02
  +4.350E+01  +7.624E+01  +8.913E+01
  +4.365E+01  +7.823E+01  +6.943E+01
  +3.650E+01  +6.898E+01  +1.114E+02
  +3.694E+01  +7.078E+01  +7.893E+01
  +3.738E+01  +7.258E+01  +7.153E+01
  +3.980E+01  +6.906E+01  +1.114E+02
  +4.007E+01  +7.095E+01  +1.147E+02
  +4.035E+01  +7.284E+01  +1.136E+02
  +4.312E+01  +6.916E+01  +1.595E+02
  +4.320E+01  +7.113E+01  +1.636E+02
  +4.330E+01  +7.311E+01  +1.497E+02
  +3.202E+01  +7.688E+01  +5.123E+00
  +3.274E+01  +7.840E+01  +4.739E+00
  +3.344E+01  +7.990E+01  +6.818E+00
  +3.469E+01  +7.741E+01  +1.673E+01
  +3.531E+01  +7.904E+01  +1.182E+01
  +3.593E+01  +8.066E+01  +1.063E+01
  +3.729E+01  +7.796E+01  +3.552E+01
  +3.781E+01  +7.969E+01  +2.994E+01
  +3.833E+01  +8.142E+01  +3.154E+01
  +3.010E+01  +7.292E+01  +6.416E+00
  +3.086E+01  +7.446E+01  +1.610E+00
  +3.160E+01  +7.599E+01  +7.435E+00
  +3.303E+01  +7.318E+01  +1.764E+01
  +3.368E+01  +7.483E+01  +1.083E+01
  +3.432E+01  +7.646E+01  +1.194E+01
  +3.595E+01  +7.346E+01  +5.054E+01
  +3.647E+01  +7.520E+01  +3.642E+01
  +3.699E+01  +7.694E+01  +3.365E+01
  +2.805E+01  +6.889E+01  +7.221E+00
  +2.886E+01  +7.046E+01  +6.142E+00
  +2.965E+01  +7.202E+01  +1.021E+01
  +3.131E+01  +6.891E+01  +1.497E+01
  +3.199E+01  +7.057E+01  +2.886E+00
  +3.265E+01  +7.222E+01  +8.537E+00
  +3.459E+01  +6.894E+01  +1.614E+01
  +3.512E+01  +7.070E+01  +1.119E+01
  +3.564E+01  +7.244E+01  +3.266E+01
  +2.487E+01  +7.554E+01  +2.931E+00
  +2.575E+01  +7.675E+01  +2.809E+00
  +2.660E+01  +7.794E+01  +2.949E+00
  +2.769E+01  +7.605E+01  +2.485E+00
  +2.852E+01  +7.738E+01  +2.553E+00
  +2.932E+01  +7.870E+01  +4.877E+00
  +3.045E+01  +7.657E+01  +2.620E+00
  +3.121E+01  +7.802E+01  +3.708E+00
  +3.195E+01  +7.946E+01  +8.144E+00
  +2.242E+01  +7.232E+01  +2.955E+00
  +2.340E+01  +7.358E+01  +1.636E+00
  +2.434E+01  +7.482E+01  +2.749E+00
  +2.541E+01  +7.254E+01  +5.791E+00
  +2.631E+01  +7.391E+01  +3.303E+00
  +2.719E+01  +7.527E+01  +2.031E+00
  +2.838E+01  +7.277E+01  +7.445E+00
  +2.920E+01  +7.425E+01  +4.629E+00
  +2.999E+01  +7.572E+01  +6.510E+00
  +1.971E+01  +6.898E+01  +2.041E+00
  +2.079E+01  +7.029E+01  +2.221E+00
  +2.183E+01  +7.158E+01  +2.735E+00
  +2.293E+01  +6.892E+01  +4.357E+00
  +2.391E+01  +7.034E+01  +1.706E+00
  +2.487E+01  +7.173E+01  +1.638E+00
  +2.616E+01  +6.890E+01  +5.246E+00
  +2.704E+01  +7.041E+01  +3.693E+00
  +2.789E+01  +7.191E+01  +9.561E+00
  +8.124E+01  +4.120E+01  +5.122E+01
  +8.058E+01  +3.832E+01  +7.033E+01
  +7.993E+01  +3.548E+01  +1.242E+02
  +7.602E+01  +4.261E+01  +3.405E+01
  +7.571E+01  +3.952E+01  +8.851E+01
  +7.539E+01  +3.644E+01  +1.784E+02
  +7.032E+01  +4.337E+01  +7.025E+01
  +6.998E+01  +3.978E+01  +1.118E+02
  +6.964E+01  +3.618E+01  +2.001E+02
  +8.293E+01  +4.877E+01  +4.473E+01
  +8.228E+01  +4.581E+01  +1.989E+01
  +8.162E+01  +4.289E+01  +3.555E+01
  +7.682E+01  +5.064E+01  +7.966E+01
  +7.652E+01  +4.752E+01  +5.733E+01
  +7.621E+01  +4.441E+01  +4.557E+01
  +7.117E+01  +5.262E+01  +1.205E+02
  +7.084E+01  +4.904E+01  +9.653E+01
  +7.052E+01  +4.546E+01  +7.763E+01
  +8.462E+01  +5.657E+01  +1.315E+02
  +8.397E+01  +5.353E+01  +9.571E+01
  +8.331E+01  +5.051E+01  +6.013E+01
  +7.760E+01  +5.876E+01  +8.712E+01
  +7.730E+01  +5.560E+01  +7.974E+01
  +7.700E+01  +5.246E+01  +7.383E+01
  +7.197E+01  +6.182E+01  +9.625E+01
  +7.167E+01  +5.826E+01  +1.095E+02
  +7.135E+01  +5.470E+01  +1.271E+02
  +9.978E+01  +3.647E+01  +5.798E+01
  +9.895E+01  +3.356E+01  +9.250E+01
  +9.811E+01  +3.066E+01  +1.224E+02
  +9.231E+01  +3.830E+01  +5.666E+01
  +9.148E+01  +3.541E+01  +9.182E+01
  +9.065E+01  +3.255E+01  +1.228E+02
  +8.484E+01  +4.014E+01  +5.582E+01
  +8.402E+01  +3.726E+01  +8.936E+01
  +8.319E+01  +3.443E+01  +1.211E+02
  +1.019E+02  +4.408E+01  +3.303E+01
  +1.011E+02  +4.112E+01  +2.955E+00
  +1.003E+02  +3.817E+01  +3.675E+01
  +9.443E+01  +4.591E+01  +3.210E+01
  +9.361E+01  +4.294E+01  +3.275E+00
  +9.279E+01  +4.000E+01  +3.664E+01
  +8.697E+01  +4.772E+01  +3.214E+01
  +8.614E+01  +4.476E+01  +4.429E+00
  +8.532E+01  +4.182E+01  +3.606E+01
  +1.040E+02  +5.183E+01  +1.246E+02
  +1.032E+02  +4.882E+01  +8.667E+01
  +1.024E+02  +4.582E+01  +5.324E+01
  +9.654E+01  +5.370E+01  +1.258E+02
  +9.572E+01  +5.066E+01  +8.692E+01
  +9.491E+01  +4.765E+01  +5.226E+01
  +8.909E+01  +5.556E+01  +1.281E+02
  +8.827E+01  +5.249E+01  +8.797E+01
  +8.745E+01  +4.947E+01  +5.278E+01
  +1.191E+02  +3.172E+01  +5.312E+01
  +1.183E+02  +2.876E+01  +8.856E+01
  +1.174E+02  +2.579E+01  +1.246E+02
  +1.116E+02  +3.356E+01  +5.482E+01
  +1.108E+02  +3.062E+01  +8.892E+01
  +1.099E+02  +2.768E+01  +1.238E+02
  +1.041E+02  +3.540E+01  +5.670E+01
  +1.033E+02  +3.248E+01  +8.938E+01
  +1.025E+02  +2.957E+01  +1.231E+02
  +1.212E+02  +3.936E+01  +3.454E+01
  +1.204E+02  +3.640E+01  +2.594E+00
  +1.196E+02  +3.344E+01  +3.298E+01
  +1.137E+02  +4.119E+01  +3.336E+01
  +1.129E+02  +3.823E+01  +4.000E-01
  +1.121E+02  +3.528E+01  +3.478E+01
  +1.063E+02  +4.302E+01  +3.294E+01
  +1.054E+02  +4.006E+01  +1.331E+00
  +1.046E+02  +3.711E+01  +3.623E+01
  +1.232E+02  +4.699E+01  +1.235E+02
  +1.225E+02  +4.404E+01  +8.995E+01
  +1.217E+02  +4.108E+01  +5.383E+01
  +1.158E+02  +4.887E+01  +1.236E+02
  +1.150E+02  +4.589E+01  +9.064E+01
  +1.142E+02  +4.292E+01  +5.406E+01
  +1.083E+02  +5.074E+01  +1.231E+02
  +1.075E+02  +4.774E+01  +9.050E+01
  +1.067E+02  +4.475E+01  +5.432E+01
  +1.384E+02  +2.695E+01  +5.829E+01
  +1.376E+02  +2.394E+01  +8.217E+01
  +1.367E+02  +2.091E+01  +1.114E+02
  +1.309E+02  +2.880E+01  +5.507E+01
  +1.301E+02  +2.581E+01  +8.588E+01
  +1.292E+02  +2.280E+01  +1.199E+02
  +1.234E+02  +3.065E+01  +5.518E+01
  +1.226E+02  +2.767E+01  +9.027E+01
  +1.217E+02  +2.469E+01  +1.280E+02
  +1.405E+02  +3.462E+01  +2.089E+01
  +1.397E+02  +3.167E+01  +3.042E+01
  +1.389E+02  +2.869E+01  +4.860E+01
  +1.330E+02  +3.646E+01  +2.576E+01
  +1.322E+02  +3.350E+01  +1.119E+01
  +1.314E+02  +3.054E+01  +3.840E+01
  +1.256E+02  +3.830E+01  +4.443E+01
  +1.248E+02  +3.534E+01  +4.974E+00
  +1.239E+02  +3.237E+01  +3.469E+01
  +1.425E+02  +4.212E+01  +1.674E+02
  +1.418E+02  +3.923E+01  +9.178E+01
  +1.410E+02  +3.632E+01  +3.184E+01
  +1.350E+02  +4.401E+01  +1.351E+02
  +1.343E+02  +4.110E+01  +8.463E+01
  +1.335E+02  +3.817E+01  +4.627E+01
  +1.276E+02  +4.590E+01  +1.220E+02
  +1.268E+02  +4.296E+01  +8.657E+01
  +1.260E+02  +4.001E+01  +6.150E+01
  +1.578E+02  +2.217E+01  +3.782E+01
  +1.569E+02  +1.911E+01  +3.685E+01
  +1.560E+02  +1.601E+01  +4.116E+01
  +1.503E+02  +2.402E+01  +4.480E+01
  +1.494E+02  +2.098E+01  +5.240E+01
  +1.485E+02  +1.791E+01  +6.498E+01
  +1.428E+02  +2.588E+01  +6.015E+01
  +1.419E+02  +2.285E+01  +7.289E+01
  +1.411E+02  +1.980E+01  +9.074E+01
  +1.599E+02  +2.985E+01  +3.404E+01
  +1.591E+02  +2.691E+01  +3.453E+01
  +1.583E+02  +2.393E+01  +3.709E+01
  +1.524E+02  +3.170E+01  +3.168E+01
  +1.516E+02  +2.875E+01  +3.352E+01
  +1.508E+02  +2.577E+01  +4.047E+01
  +1.449E+02  +3.354E+01  +4.459E+01
  +1.441E+02  +3.060E+01  +4.599E+01
  +1.433E+02  +2.762E+01  +5.563E+01
  +1.618E+02  +3.722E+01  +2.587E+01
  +1.611E+02  +3.440E+01  +2.887E+01
  +1.603E+02  +3.153E+01  +3.093E+01
  +1.543E+02  +3.912E+01  +1.235E+01
  +1.536E+02  +3.627E+01  +2.337E+01
  +1.528E+02  +3.339E+01  +3.343E+01
  +1.469E+02  +4.102E+01  +1.873E+01
  +1.461E+02  +3.815E+01  +2.140E+01
  +1.453E+02  +3.525E+01  +3.750E+01
  +1.772E+02  +1.737E+01  +1.243E+01
  +1.763E+02  +1.427E+01  +1.027E+01
  +1.754E+02  +1.110E+01  +7.842E+00
  +1.696E+02  +1.923E+01  +1.908E+01
  +1.688E+02  +1.615E+01  +1.759E+01
  +1.679E+02  +1.300E+01  +1.717E+01
  +1.621E+02  +2.109E+01  +2.799E+01
  +1.613E+02  +1.802E+01  +2.626E+01
  +1.604E+02  +1.490E+01  +2.675E+01
  +1.793E+02  +2.505E+01  +1.511E+01
  +1.785E+02  +2.213E+01  +1.422E+01
  +1.776E+02  +1.914E+01  +1.325E+01
  +1.717E+02  +2.691E+01  +1.915E+01
  +1.710E+02  +2.398E+01  +1.884E+01
  +1.701E+02  +2.099E+01  +1.909E+01
  +1.642E+02  +2.877E+01  +2.695E+01
  +1.635E+02  +2.583E+01  +2.680E+01
  +1.626E+02  +2.285E+01  +2.788E+01
  +1.811E+02  +3.228E+01  +1.664E+01
  +1.804E+02  +2.953E+01  +1.638E+01
  +1.797E+02  +2.672E+01  +1.654E+01
  +1.736E+02  +3.420E+01  +2.143E+01
  +1.729E+02  +3.142E+01  +2.010E+01
  +1.722E+02  +2.859E+01  +1.915E+01
  +1.662E+02  +3.611E+01  +2.596E+01
  +1.654E+02  +3.330E+01  +2.370E+01
  +1.647E+02  +3.045E+01  +2.195E+01
  +1.966E+02  +1.255E+01  +1.540E+00
  +1.957E+02  +9.409E+00  +4.896E-01
  +1.948E+02  +6.181E+00  +9.903E-01
  +1.890E+02  +1.442E+01  +5.302E+00
  +1.882E+02  +1.129E+01  +3.572E+00
  +1.872E+02  +8.088E+00  +1.917E+00
  +1.815E+02  +1.628E+01  +9.417E+00
  +1.807E+02  +1.317E+01  +6.994E+00
  +1.797E+02  +9.993E+00  +4.811E+00
  +1.986E+02  +2.023E+01  +6.858E+00
  +1.979E+02  +1.733E+01  +4.556E+00
  +1.970E+02  +1.433E+01  +2.552E+00
  +1.911E+02  +2.210E+01  +9.942E+00
  +1.903E+02  +1.919E+01  +8.018E+00
  +1.895E+02  +1.620E+01  +6.433E+00
  +1.836E+02  +2.397E+01  +1.445E+01
  +1.828E+02  +2.105E+01  +1.249E+01
  +1.820E+02  +1.806E+01  +1.082E+01
  +2.005E+02  +2.731E+01  +1.501E+01
  +1.998E+02  +2.464E+01  +1.239E+01
  +1.991E+02  +2.188E+01  +9.912E+00
  +1.930E+02  +2.924E+01  +1.179E+01
  +1.923E+02  +2.654E+01  +1.067E+01
  +1.916E+02  +2.376E+01  +9.747E+00
  +1.855E+02  +3.116E+01  +1.411E+01
  +1.848E+02  +2.843E+01  +1.446E+01
  +1.841E+02  +2.563E+01  +1.514E+01
