     2   249    66   498     0
     1  2  +2.20400E+001  +3.21750E+001
     2  2  +2.12310E+001  +3.35652E+001
     3  2  +2.04663E+001  +3.48892E+001
     4  2  +1.97460E+001  +3.61470E+001
     5  2  +1.90700E+001  +3.73386E+001
     6  2  +1.84383E+001  +3.84639E+001
     7  2  +1.78510E+001  +3.95230E+001
     8  2  +2.51093E+001  +3.11154E+001
     9  2  +2.39567E+001  +3.41791E+001
    10  2  +2.29519E+001  +3.69853E+001
    11  2  +2.20950E+001  +3.95340E+001
    12  2  +2.84003E+001  +2.99898E+001
    13  2  +2.79902E+001  +3.17368E+001
    14  2  +2.76096E+001  +3.34213E+001
    15  2  +2.72587E+001  +3.50432E+001
    16  2  +2.69373E+001  +3.66027E+001
    17  2  +2.66455E+001  +3.80996E+001
    18  2  +2.63833E+001  +3.95340E+001
    19  2  +3.19130E+001  +2.87980E+001
    20  2  +3.14251E+001  +3.26157E+001
    21  2  +3.10261E+001  +3.61907E+001
    22  2  +3.07160E+001  +3.95230E+001
    23  2  +3.56473E+001  +2.75401E+001
    24  2  +3.55178E+001  +2.96806E+001
    25  2  +3.54031E+001  +3.17623E+001
    26  2  +3.53033E+001  +3.37852E+001
    27  2  +3.52184E+001  +3.57493E+001
    28  2  +3.51483E+001  +3.76546E+001
    29  2  +3.50930E+001  +3.95010E+001
    30  2  +3.96033E+001  +2.62161E+001
    31  2  +3.95437E+001  +3.08613E+001
    32  2  +3.95141E+001  +3.52786E+001
    33  2  +3.95143E+001  +3.94680E+001
    34  2  +4.37810E+001  +2.48260E+001
    35  2  +4.38139E+001  +2.73968E+001
    36  2  +4.38469E+001  +2.99124E+001
    37  2  +4.38800E+001  +3.23730E+001
    38  2  +4.39132E+001  +3.47784E+001
    39  2  +4.39466E+001  +3.71288E+001
    40  2  +4.39800E+001  +3.94240E+001
    41  2  +4.87782E+001  +2.55987E+001
    42  2  +4.75123E+001  +3.07325E+001
    43  2  +4.62912E+001  +3.56310E+001
    44  2  +4.51148E+001  +4.02943E+001
    45  2  +5.33656E+001  +2.67243E+001
    46  2  +5.21026E+001  +2.93132E+001
    47  2  +5.08618E+001  +3.18395E+001
    48  2  +4.96433E+001  +3.43033E+001
    49  2  +4.84471E+001  +3.67046E+001
    50  2  +4.72731E+001  +3.90434E+001
    51  2  +4.61214E+001  +4.13197E+001
    52  2  +5.75430E+001  +2.82030E+001
    53  2  +5.38953E+001  +3.32336E+001
    54  2  +5.03810E+001  +3.79992E+001
    55  2  +4.70000E+001  +4.25000E+001
    56  2  +6.13106E+001  +3.00347E+001
    57  2  +5.89395E+001  +3.25096E+001
    58  2  +5.66129E+001  +3.49146E+001
    59  2  +5.43307E+001  +3.72497E+001
    60  2  +5.20929E+001  +3.95148E+001
    61  2  +4.98994E+001  +4.17100E+001
    62  2  +4.77504E+001  +4.38353E+001
    63  2  +6.46682E+001  +3.22193E+001
    64  2  +5.90145E+001  +3.68826E+001
    65  2  +5.35827E+001  +4.12514E+001
    66  2  +4.83728E+001  +4.53257E+001
    67  2  +6.76160E+001  +3.47570E+001
    68  2  +6.43248E+001  +3.69860E+001
    69  2  +6.11001E+001  +3.91377E+001
    70  2  +5.79420E+001  +4.12120E+001
    71  2  +5.48504E+001  +4.32090E+001
    72  2  +5.18254E+001  +4.51287E+001
    73  2  +4.88670E+001  +4.69710E+001
    74  2  +6.81587E+001  +3.96781E+001
    75  2  +6.16836E+001  +4.31320E+001
    76  2  +5.54451E+001  +4.63427E+001
    77  2  +4.94432E+001  +4.93103E+001
    78  2  +6.86903E+001  +4.45771E+001
    79  2  +6.54141E+001  +4.58683E+001
    80  2  +6.21896E+001  +4.71152E+001
    81  2  +5.90168E+001  +4.83179E+001
    82  2  +5.58957E+001  +4.94764E+001
    83  2  +5.28264E+001  +5.05906E+001
    84  2  +4.98089E+001  +5.16607E+001
    85  2  +6.92110E+001  +4.94540E+001
    86  2  +6.26180E+001  +5.10873E+001
    87  2  +5.62023E+001  +5.26100E+001
    88  2  +4.99640E+001  +5.40220E+001
    89  2  +6.97207E+001  +5.43088E+001
    90  2  +6.63263E+001  +5.46841E+001
    91  2  +6.29689E+001  +5.50484E+001
    92  2  +5.96484E+001  +5.54016E+001
    93  2  +5.63649E+001  +5.57436E+001
    94  2  +5.31183E+001  +5.60745E+001
    95  2  +4.99086E+001  +5.63943E+001
    96  2  +7.02193E+001  +5.91414E+001
    97  2  +6.32423E+001  +5.89984E+001
    98  2  +5.63834E+001  +5.88771E+001
    99  2  +4.96426E+001  +5.87777E+001
   100  2  +7.07070E+001  +6.39520E+001
   101  2  +6.70616E+001  +6.34337E+001
   102  2  +6.34382E+001  +6.29373E+001
   103  2  +5.98370E+001  +6.24630E+001
   104  2  +5.62579E+001  +6.20107E+001
   105  2  +5.27009E+001  +6.15803E+001
   106  2  +4.91660E+001  +6.11720E+001
   107  2  +6.76597E+001  +7.07488E+001
   108  2  +6.11864E+001  +6.80939E+001
   109  2  +5.48091E+001  +6.55199E+001
   110  2  +4.85278E+001  +6.30267E+001
   111  2  +6.41027E+001  +7.61774E+001
   112  2  +6.13219E+001  +7.42079E+001
   113  2  +5.85670E+001  +7.22567E+001
   114  2  +5.58379E+001  +7.03239E+001
   115  2  +5.31347E+001  +6.84095E+001
   116  2  +5.04573E+001  +6.65136E+001
   117  2  +4.78058E+001  +6.46360E+001
   118  2  +6.00360E+001  +8.02380E+001
   119  2  +5.55798E+001  +7.54256E+001
   120  2  +5.12344E+001  +7.06796E+001
   121  2  +4.70000E+001  +6.60000E+001
   122  2  +5.54597E+001  +8.29304E+001
   123  2  +5.38275E+001  +8.02581E+001
   124  2  +5.22249E+001  +7.76006E+001
   125  2  +5.06519E+001  +7.49579E+001
   126  2  +4.91085E+001  +7.23300E+001
   127  2  +4.75947E+001  +6.97169E+001
   128  2  +4.61104E+001  +6.71187E+001
   129  2  +5.03737E+001  +8.42548E+001
   130  2  +4.85023E+001  +7.87818E+001
   131  2  +4.67568E+001  +7.33609E+001
   132  2  +4.51371E+001  +6.79920E+001
   133  2  +4.47780E+001  +8.42110E+001
   134  2  +4.45783E+001  +8.15844E+001
   135  2  +4.44120E+001  +7.89691E+001
   136  2  +4.42790E+001  +7.63650E+001
   137  2  +4.41793E+001  +7.37721E+001
   138  2  +4.41130E+001  +7.11904E+001
   139  2  +4.40800E+001  +6.86200E+001
   140  2  +4.20412E+001  +8.31846E+001
   141  2  +4.12024E+001  +7.82775E+001
   142  2  +4.04303E+001  +7.33858E+001
   143  2  +3.97250E+001  +6.85094E+001
   144  2  +3.91492E+001  +8.21582E+001
   145  2  +3.85248E+001  +7.98813E+001
   146  2  +3.79004E+001  +7.76007E+001
   147  2  +3.72761E+001  +7.53167E+001
   148  2  +3.66518E+001  +7.30290E+001
   149  2  +3.60276E+001  +7.07379E+001
   150  2  +3.54033E+001  +6.84431E+001
   151  2  +3.61020E+001  +8.11320E+001
   152  2  +3.45061E+001  +7.69388E+001
   153  2  +3.28438E+001  +7.27018E+001
   154  2  +3.11150E+001  +6.84210E+001
   155  2  +3.28996E+001  +8.01059E+001
   156  2  +3.19761E+001  +7.82079E+001
   157  2  +3.10194E+001  +7.62916E+001
   158  2  +3.00294E+001  +7.43570E+001
   159  2  +2.90062E+001  +7.24040E+001
   160  2  +2.79497E+001  +7.04327E+001
   161  2  +2.68600E+001  +6.84431E+001
   162  2  +2.95419E+001  +7.90799E+001
   163  2  +2.74403E+001  +7.56593E+001
   164  2  +2.51391E+001  +7.21358E+001
   165  2  +2.26383E+001  +6.85094E+001
   166  2  +2.60290E+001  +7.80540E+001
   167  2  +2.49322E+001  +7.65644E+001
   168  2  +2.37689E+001  +7.50418E+001
   169  2  +2.25390E+001  +7.34860E+001
   170  2  +2.12426E+001  +7.18971E+001
   171  2  +1.98796E+001  +7.02751E+001
   172  2  +1.84500E+001  +6.86200E+001
   173  2  +7.52950E+001  +3.55510E+001
   174  2  +7.61147E+001  +4.35064E+001
   175  2  +7.69123E+001  +5.15501E+001
   176  2  +7.76880E+001  +5.96820E+001
   177  2  +8.07800E+001  +3.41610E+001
   178  2  +8.18437E+001  +3.78021E+001
   179  2  +8.29073E+001  +4.15094E+001
   180  2  +8.39710E+001  +4.52830E+001
   181  2  +8.50347E+001  +4.91228E+001
   182  2  +8.60983E+001  +5.30288E+001
   183  2  +8.71620E+001  +5.70010E+001
   184  2  +9.04064E+001  +3.17184E+001
   185  2  +9.25504E+001  +3.91506E+001
   186  2  +9.46723E+001  +4.67740E+001
   187  2  +9.67720E+001  +5.45887E+001
   188  2  +1.00038E+002  +2.92731E+001
   189  2  +1.01124E+002  +3.30154E+001
   190  2  +1.02199E+002  +3.67871E+001
   191  2  +1.03263E+002  +4.05883E+001
   192  2  +1.04315E+002  +4.44188E+001
   193  2  +1.05357E+002  +4.82788E+001
   194  2  +1.06388E+002  +5.21681E+001
   195  2  +1.09676E+002  +2.68250E+001
   196  2  +1.11853E+002  +3.44191E+001
   197  2  +1.13964E+002  +4.20572E+001
   198  2  +1.16009E+002  +4.97392E+001
   199  2  +1.19319E+002  +2.43741E+001
   200  2  +1.20427E+002  +2.82140E+001
   201  2  +1.21513E+002  +3.20464E+001
   202  2  +1.22577E+002  +3.58714E+001
   203  2  +1.23618E+002  +3.96891E+001
   204  2  +1.24638E+002  +4.34993E+001
   205  2  +1.25635E+002  +4.73021E+001
   206  2  +1.28968E+002  +2.19204E+001
   207  2  +1.31178E+002  +2.96691E+001
   208  2  +1.33278E+002  +3.73145E+001
   209  2  +1.35267E+002  +4.48567E+001
   210  2  +1.38622E+002  +1.94640E+001
   211  2  +1.39752E+002  +2.33977E+001
   212  2  +1.40849E+002  +2.72872E+001
   213  2  +1.41913E+002  +3.11325E+001
   214  2  +1.42943E+002  +3.49336E+001
   215  2  +1.43941E+002  +3.86904E+001
   216  2  +1.44905E+002  +4.24030E+001
   217  2  +1.48282E+002  +1.70048E+001
   218  2  +1.50525E+002  +2.49007E+001
   219  2  +1.52614E+002  +3.25461E+001
   220  2  +1.54548E+002  +3.99410E+001
   221  2  +1.57947E+002  +1.45428E+001
   222  2  +1.59099E+002  +1.85667E+001
   223  2  +1.60207E+002  +2.25096E+001
   224  2  +1.61271E+002  +2.63714E+001
   225  2  +1.62291E+002  +3.01523E+001
   226  2  +1.63266E+002  +3.38520E+001
   227  2  +1.64197E+002  +3.74708E+001
   228  2  +1.67618E+002  +1.20780E+001
   229  2  +1.69895E+002  +2.01139E+001
   230  2  +1.71972E+002  +2.77519E+001
   231  2  +1.73851E+002  +3.49922E+001
   232  2  +1.77294E+002  +9.61044E+000
   233  2  +1.78469E+002  +1.37209E+001
   234  2  +1.79588E+002  +1.77135E+001
   235  2  +1.80651E+002  +2.15883E+001
   236  2  +1.81660E+002  +2.53452E+001
   237  2  +1.82613E+002  +2.89842E+001
   238  2  +1.83511E+002  +3.25054E+001
   239  2  +1.86976E+002  +7.14011E+000
   240  2  +1.89286E+002  +1.53086E+001
   241  2  +1.91353E+002  +2.29320E+001
   242  2  +1.93176E+002  +3.00104E+001
   243  2  +1.96664E+002  +4.66700E+000
   244  2  +1.97860E+002  +8.86033E+000
   245  2  +1.98990E+002  +1.28990E+001
   246  2  +2.00054E+002  +1.67830E+001
   247  2  +2.01051E+002  +2.05123E+001
   248  2  +2.01982E+002  +2.40870E+001
   249  2  +2.02847E+002  +2.75070E+001
     1     7
     1    12    14     3     8    13     9     2
     2     7
     3    14    16     5     9    15    10     4
     3     7
     5    16    18     7    10    17    11     6
     4     7
    12    23    25    14    19    24    20    13
     5     7
    14    25    27    16    20    26    21    15
     6     7
    16    27    29    18    21    28    22    17
     7     7
    23    34    36    25    30    35    31    24
     8     7
    25    36    38    27    31    37    32    26
     9     7
    27    38    40    29    32    39    33    28
    10     7
    34    45    47    36    41    46    42    35
    11     7
    36    47    49    38    42    48    43    37
    12     7
    38    49    51    40    43    50    44    39
    13     7
    45    56    58    47    52    57    53    46
    14     7
    47    58    60    49    53    59    54    48
    15     7
    49    60    62    51    54    61    55    50
    16     7
    56    67    69    58    63    68    64    57
    17     7
    58    69    71    60    64    70    65    59
    18     7
    60    71    73    62    65    72    66    61
    19     7
    67    78    80    69    74    79    75    68
    20     7
    69    80    82    71    75    81    76    70
    21     7
    71    82    84    73    76    83    77    72
    22     7
    78    89    91    80    85    90    86    79
    23     7
    80    91    93    82    86    92    87    81
    24     7
    82    93    95    84    87    94    88    83
    25     7
    89   100   102    91    96   101    97    90
    26     7
    91   102   104    93    97   103    98    92
    27     7
    93   104   106    95    98   105    99    94
    28     7
   100   111   113   102   107   112   108   101
    29     7
   102   113   115   104   108   114   109   103
    30     7
   104   115   117   106   109   116   110   105
    31     7
   111   122   124   113   118   123   119   112
    32     7
   113   124   126   115   119   125   120   114
    33     7
   115   126   128   117   120   127   121   116
    34     7
   122   133   135   124   129   134   130   123
    35     7
   124   135   137   126   130   136   131   125
    36     7
   126   137   139   128   131   138   132   127
    37     7
   133   144   146   135   140   145   141   134
    38     7
   135   146   148   137   141   147   142   136
    39     7
   137   148   150   139   142   149   143   138
    40     7
   144   155   157   146   151   156   152   145
    41     7
   146   157   159   148   152   158   153   147
    42     7
   148   159   161   150   153   160   154   149
    43     7
   155   166   168   157   162   167   163   156
    44     7
   157   168   170   159   163   169   164   158
    45     7
   159   170   172   161   164   171   165   160
    46     7
    67   177   179    78   173   178   174    74
    47     7
    78   179   181    89   174   180   175    85
    48     7
    89   181   183   100   175   182   176    96
    49     7
   177   188   190   179   184   189   185   178
    50     7
   179   190   192   181   185   191   186   180
    51     7
   181   192   194   183   186   193   187   182
    52     7
   188   199   201   190   195   200   196   189
    53     7
   190   201   203   192   196   202   197   191
    54     7
   192   203   205   194   197   204   198   193
    55     7
   199   210   212   201   206   211   207   200
    56     7
   201   212   214   203   207   213   208   202
    57     7
   203   214   216   205   208   215   209   204
    58     7
   210   221   223   212   217   222   218   211
    59     7
   212   223   225   214   218   224   219   213
    60     7
   214   225   227   216   219   226   220   215
    61     7
   221   232   234   223   228   233   229   222
    62     7
   223   234   236   225   229   235   230   224
    63     7
   225   236   238   227   230   237   231   226
    64     7
   232   243   245   234   239   244   240   233
    65     7
   234   245   247   236   240   246   241   235
    66     7
   236   247   249   238   241   248   242   237
 
