     2   147    40   294     0
     1  2  +4.00000E+001  +0.00000E+000
     2  2  +4.00000E+001  +4.00000E+000
     3  2  +4.00000E+001  +8.00000E+000
     4  2  +4.00000E+001  +1.20000E+001
     5  2  +4.00000E+001  +1.60000E+001
     6  2  +4.00000E+001  +2.00000E+001
     7  2  +4.00000E+001  +2.40000E+001
     8  2  +4.00000E+001  +2.80000E+001
     9  2  +4.00000E+001  +3.20000E+001
    10  2  +4.00000E+001  +3.60000E+001
    11  2  +4.00000E+001  +4.00000E+001
    12  2  +4.14720E+001  +0.00000E+000
    13  2  +4.14720E+001  +8.00000E+000
    14  2  +4.14720E+001  +1.60000E+001
    15  2  +4.14720E+001  +2.40000E+001
    16  2  +4.14720E+001  +3.20000E+001
    17  2  +4.14720E+001  +4.00000E+001
    18  2  +4.29441E+001  +0.00000E+000
    19  2  +4.29441E+001  +4.00000E+000
    20  2  +4.29441E+001  +8.00000E+000
    21  2  +4.29441E+001  +1.20000E+001
    22  2  +4.29441E+001  +1.60000E+001
    23  2  +4.29441E+001  +2.00000E+001
    24  2  +4.29441E+001  +2.40000E+001
    25  2  +4.29441E+001  +2.80000E+001
    26  2  +4.29441E+001  +3.20000E+001
    27  2  +4.29441E+001  +3.60000E+001
    28  2  +4.29441E+001  +4.00000E+001
    29  2  +4.46328E+001  +0.00000E+000
    30  2  +4.46328E+001  +8.00000E+000
    31  2  +4.46328E+001  +1.60000E+001
    32  2  +4.46328E+001  +2.40000E+001
    33  2  +4.46328E+001  +3.20000E+001
    34  2  +4.46328E+001  +4.00000E+001
    35  2  +4.63215E+001  +0.00000E+000
    36  2  +4.63215E+001  +4.00000E+000
    37  2  +4.63215E+001  +8.00000E+000
    38  2  +4.63215E+001  +1.20000E+001
    39  2  +4.63215E+001  +1.60000E+001
    40  2  +4.63215E+001  +2.00000E+001
    41  2  +4.63215E+001  +2.40000E+001
    42  2  +4.63215E+001  +2.80000E+001
    43  2  +4.63215E+001  +3.20000E+001
    44  2  +4.63215E+001  +3.60000E+001
    45  2  +4.63215E+001  +4.00000E+001
    46  2  +4.82588E+001  +0.00000E+000
    47  2  +4.82588E+001  +8.00000E+000
    48  2  +4.82588E+001  +1.60000E+001
    49  2  +4.82588E+001  +2.40000E+001
    50  2  +4.82588E+001  +3.20000E+001
    51  2  +4.82588E+001  +4.00000E+001
    52  2  +5.01961E+001  +0.00000E+000
    53  2  +5.01961E+001  +4.00000E+000
    54  2  +5.01961E+001  +8.00000E+000
    55  2  +5.01961E+001  +1.20000E+001
    56  2  +5.01961E+001  +1.60000E+001
    57  2  +5.01961E+001  +2.00000E+001
    58  2  +5.01961E+001  +2.40000E+001
    59  2  +5.01961E+001  +2.80000E+001
    60  2  +5.01961E+001  +3.20000E+001
    61  2  +5.01961E+001  +3.60000E+001
    62  2  +5.01961E+001  +4.00000E+001
    63  2  +5.24185E+001  +0.00000E+000
    64  2  +5.24185E+001  +8.00000E+000
    65  2  +5.24185E+001  +1.60000E+001
    66  2  +5.24185E+001  +2.40000E+001
    67  2  +5.24185E+001  +3.20000E+001
    68  2  +5.24185E+001  +4.00000E+001
    69  2  +5.46410E+001  +0.00000E+000
    70  2  +5.46410E+001  +4.00000E+000
    71  2  +5.46410E+001  +8.00000E+000
    72  2  +5.46410E+001  +1.20000E+001
    73  2  +5.46410E+001  +1.60000E+001
    74  2  +5.46410E+001  +2.00000E+001
    75  2  +5.46410E+001  +2.40000E+001
    76  2  +5.46410E+001  +2.80000E+001
    77  2  +5.46410E+001  +3.20000E+001
    78  2  +5.46410E+001  +3.60000E+001
    79  2  +5.46410E+001  +4.00000E+001
    80  2  +5.71906E+001  +0.00000E+000
    81  2  +5.71906E+001  +8.00000E+000
    82  2  +5.71906E+001  +1.60000E+001
    83  2  +5.71906E+001  +2.40000E+001
    84  2  +5.71906E+001  +3.20000E+001
    85  2  +5.71906E+001  +4.00000E+001
    86  2  +5.97403E+001  +0.00000E+000
    87  2  +5.97403E+001  +4.00000E+000
    88  2  +5.97403E+001  +8.00000E+000
    89  2  +5.97403E+001  +1.20000E+001
    90  2  +5.97403E+001  +1.60000E+001
    91  2  +5.97403E+001  +2.00000E+001
    92  2  +5.97403E+001  +2.40000E+001
    93  2  +5.97403E+001  +2.80000E+001
    94  2  +5.97403E+001  +3.20000E+001
    95  2  +5.97403E+001  +3.60000E+001
    96  2  +5.97403E+001  +4.00000E+001
    97  2  +6.26652E+001  +0.00000E+000
    98  2  +6.26652E+001  +8.00000E+000
    99  2  +6.26652E+001  +1.60000E+001
   100  2  +6.26652E+001  +2.40000E+001
   101  2  +6.26652E+001  +3.20000E+001
   102  2  +6.26652E+001  +4.00000E+001
   103  2  +6.55901E+001  +0.00000E+000
   104  2  +6.55901E+001  +4.00000E+000
   105  2  +6.55901E+001  +8.00000E+000
   106  2  +6.55901E+001  +1.20000E+001
   107  2  +6.55901E+001  +1.60000E+001
   108  2  +6.55901E+001  +2.00000E+001
   109  2  +6.55901E+001  +2.40000E+001
   110  2  +6.55901E+001  +2.80000E+001
   111  2  +6.55901E+001  +3.20000E+001
   112  2  +6.55901E+001  +3.60000E+001
   113  2  +6.55901E+001  +4.00000E+001
   114  2  +6.89456E+001  +0.00000E+000
   115  2  +6.89456E+001  +8.00000E+000
   116  2  +6.89456E+001  +1.60000E+001
   117  2  +6.89456E+001  +2.40000E+001
   118  2  +6.89456E+001  +3.20000E+001
   119  2  +6.89456E+001  +4.00000E+001
   120  2  +7.23011E+001  +0.00000E+000
   121  2  +7.23011E+001  +4.00000E+000
   122  2  +7.23011E+001  +8.00000E+000
   123  2  +7.23011E+001  +1.20000E+001
   124  2  +7.23011E+001  +1.60000E+001
   125  2  +7.23011E+001  +2.00000E+001
   126  2  +7.23011E+001  +2.40000E+001
   127  2  +7.23011E+001  +2.80000E+001
   128  2  +7.23011E+001  +3.20000E+001
   129  2  +7.23011E+001  +3.60000E+001
   130  2  +7.23011E+001  +4.00000E+001
   131  2  +7.61506E+001  +0.00000E+000
   132  2  +7.61506E+001  +8.00000E+000
   133  2  +7.61506E+001  +1.60000E+001
   134  2  +7.61506E+001  +2.40000E+001
   135  2  +7.61506E+001  +3.20000E+001
   136  2  +7.61506E+001  +4.00000E+001
   137  2  +8.00000E+001  +0.00000E+000
   138  2  +8.00000E+001  +4.00000E+000
   139  2  +8.00000E+001  +8.00000E+000
   140  2  +8.00000E+001  +1.20000E+001
   141  2  +8.00000E+001  +1.60000E+001
   142  2  +8.00000E+001  +2.00000E+001
   143  2  +8.00000E+001  +2.40000E+001
   144  2  +8.00000E+001  +2.80000E+001
   145  2  +8.00000E+001  +3.20000E+001
   146  2  +8.00000E+001  +3.60000E+001
   147  2  +8.00000E+001  +4.00000E+001
     1     8
     1    18    20     3    12    19    13     2
     2     8
     3    20    22     5    13    21    14     4
     3     8
     5    22    24     7    14    23    15     6
     4     8
     7    24    26     9    15    25    16     8
     5     8
     9    26    28    11    16    27    17    10
     6     8
    18    35    37    20    29    36    30    19
     7     8
    20    37    39    22    30    38    31    21
     8     8
    22    39    41    24    31    40    32    23
     9     8
    24    41    43    26    32    42    33    25
    10     8
    26    43    45    28    33    44    34    27
    11     8
    35    52    54    37    46    53    47    36
    12     8
    37    54    56    39    47    55    48    38
    13     8
    39    56    58    41    48    57    49    40
    14     8
    41    58    60    43    49    59    50    42
    15     8
    43    60    62    45    50    61    51    44
    16     8
    52    69    71    54    63    70    64    53
    17     8
    54    71    73    56    64    72    65    55
    18     8
    56    73    75    58    65    74    66    57
    19     8
    58    75    77    60    66    76    67    59
    20     8
    60    77    79    62    67    78    68    61
    21     8
    69    86    88    71    80    87    81    70
    22     8
    71    88    90    73    81    89    82    72
    23     8
    73    90    92    75    82    91    83    74
    24     8
    75    92    94    77    83    93    84    76
    25     8
    77    94    96    79    84    95    85    78
    26     8
    86   103   105    88    97   104    98    87
    27     8
    88   105   107    90    98   106    99    89
    28     8
    90   107   109    92    99   108   100    91
    29     8
    92   109   111    94   100   110   101    93
    30     8
    94   111   113    96   101   112   102    95
    31     8
   103   120   122   105   114   121   115   104
    32     8
   105   122   124   107   115   123   116   106
    33     8
   107   124   126   109   116   125   117   108
    34     8
   109   126   128   111   117   127   118   110
    35     8
   111   128   130   113   118   129   119   112
    36     8
   120   137   139   122   131   138   132   121
    37     8
   122   139   141   124   132   140   133   123
    38     8
   124   141   143   126   133   142   134   125
    39     8
   126   143   145   128   134   144   135   127
    40     8
   128   145   147   130   135   146   136   129
