2 8 1 16 0 0 0  Z88NI.TXT,erzeugt von Z88X V14OS
    1  2 +4.00000E+001 +0.00000E+000 +0.00000E+000
    2  2 +8.00000E+001 +0.00000E+000 +0.00000E+000
    3  2 +8.00000E+001 +4.00000E+001 +0.00000E+000
    4  2 +4.00000E+001 +4.00000E+001 +0.00000E+000
    5  2 +6.00000E+001 +0.00000E+000 +0.00000E+000
    6  2 +8.00000E+001 +2.00000E+001 +0.00000E+000
    7  2 +6.00000E+001 +4.00000E+001 +0.00000E+000
    8  2 +4.00000E+001 +2.00000E+001 +0.00000E+000
    1     8
    1     2     3     4     5     6     7     8
    1     8   Superele. Nr.1,Typ 8, --> Finites Ele. Typ 8
    8 L     5 e
