     2    37     8    74     0
     1  2  +4.00000E+001  +0.00000E+000  +0.00000E+000   Knoten #1
     2  2  +4.80000E+001  +0.00000E+000  +0.00000E+000   Knoten #2
     3  2  +5.60000E+001  +0.00000E+000  +0.00000E+000   Knoten #3
     4  2  +6.80000E+001  +0.00000E+000  +0.00000E+000   Knoten #4
     5  2  +8.00000E+001  +0.00000E+000  +0.00000E+000   Knoten #5
     6  2  +3.92314E+001  +7.80361E+000  +0.00000E+000   Knoten #6
     7  2  +5.49240E+001  +1.09251E+001  +0.00000E+000   Knoten #7
     8  2  +7.84628E+001  +1.56072E+001  +0.00000E+000   Knoten #8
     9  2  +3.69552E+001  +1.53073E+001  +0.00000E+000   Knoten #9
    10  2  +4.43462E+001  +1.83688E+001  +0.00000E+000   Knoten #10
    11  2  +5.17373E+001  +2.14303E+001  +0.00000E+000   Knoten #11
    12  2  +6.28238E+001  +2.60225E+001  +0.00000E+000   Knoten #12
    13  2  +7.39104E+001  +3.06147E+001  +0.00000E+000   Knoten #13
    14  2  +3.32588E+001  +2.22228E+001  +0.00000E+000   Knoten #14
    15  2  +4.65623E+001  +3.11119E+001  +0.00000E+000   Knoten #15
    16  2  +6.65176E+001  +4.44456E+001  +0.00000E+000   Knoten #16
    17  2  +2.82843E+001  +2.82843E+001  +0.00000E+000   Knoten #17
    18  2  +3.39411E+001  +3.39411E+001  +0.00000E+000   Knoten #18
    19  2  +3.95980E+001  +3.95980E+001  +0.00000E+000   Knoten #19
    20  2  +4.80833E+001  +4.80833E+001  +0.00000E+000   Knoten #20
    21  2  +5.65685E+001  +5.65685E+001  +0.00000E+000   Knoten #21
    22  2  +2.22228E+001  +3.32588E+001  +0.00000E+000   Knoten #22
    23  2  +3.11119E+001  +4.65623E+001  +0.00000E+000   Knoten #23
    24  2  +4.44456E+001  +6.65176E+001  +0.00000E+000   Knoten #24
    25  2  +1.53073E+001  +3.69552E+001  +0.00000E+000   Knoten #25
    26  2  +1.83688E+001  +4.43462E+001  +0.00000E+000   Knoten #26
    27  2  +2.14303E+001  +5.17373E+001  +0.00000E+000   Knoten #27
    28  2  +2.60225E+001  +6.28238E+001  +0.00000E+000   Knoten #28
    29  2  +3.06147E+001  +7.39104E+001  +0.00000E+000   Knoten #29
    30  2  +7.80361E+000  +3.92314E+001  +0.00000E+000   Knoten #30
    31  2  +1.09250E+001  +5.49240E+001  +0.00000E+000   Knoten #31
    32  2  +1.56072E+001  +7.84628E+001  +0.00000E+000   Knoten #32
    33  2  -6.92820E-006  +4.00000E+001  +0.00000E+000   Knoten #33
    34  2  -8.31384E-006  +4.80000E+001  +0.00000E+000   Knoten #34
    35  2  -9.69949E-006  +5.60000E+001  +0.00000E+000   Knoten #35
    36  2  -1.17779E-005  +6.80000E+001  +0.00000E+000   Knoten #36
    37  2  -1.38564E-005  +8.00000E+001  +0.00000E+000   Knoten #37
     1     7   element #1
     1     3    11     9     2     7    10     6
     2     7   element #2
     3     5    13    11     4     8    12     7
     3     7   element #3
     9    11    19    17    10    15    18    14
     4     7   element #4
    11    13    21    19    12    16    20    15
     5     7   element #5
    17    19    27    25    18    23    26    22
     6     7   element #6
    19    21    29    27    20    24    28    23
     7     7   element #7
    25    27    35    33    26    31    34    30
     8     7   element #8
    27    29    37    35    28    32    36    31

