   18    Z88I2.TXT,erzeugt von Z88X V15.0
    1     1     2 +0.00000E+000
    1     2     2 +0.00000E+000
    1     3     2 +0.00000E+000
    1     4     2 +0.00000E+000
    3     1     1 -1.08010E+004
    3     2     1 +6.80900E+003
    3     3     1 +1.87080E+004
    3     4     1 -4.20930E+005
    3     6     1 -2.43023E+005
    5     2     2 +0.00000E+000
    5     3     2 +0.00000E+000
    7     1     1 +8.10100E+003
    7     2     1 -1.40310E+004
    7     3     1 -5.10700E+003
    7     4     1 +4.20930E+005
    7     5     1 -2.43030E+005
    9     2     2 +0.00000E+000
    9     3     2 +0.00000E+000
