Ausgabedatei Z88O4.TXT : Knotenkraefte, erzeugt mit Z88R V15OS
                         *************

Zunaechst die Knotenkraefte elementweise
----------------------------------------

Element # =     1     Typ = 8-K Scheibe
Knoten       F(1)           F(2)
    1    +4.01329E-03   +1.06957E-02
   12    -1.84783E+03   +3.53835E+02
   14    +1.15726E+03   +4.98182E+02
    3    +6.39084E+02   -9.08219E+02
    8    -4.14632E-02   +3.21641E-02
   13    -3.52756E+03   +2.32347E+03
    9    +3.57909E+03   -2.26747E+03
    2    -6.01968E-03   +1.57346E-01

Element # =     2     Typ = 8-K Scheibe
Knoten       F(1)           F(2)
    3    -6.39028E+02   +9.08126E+02
   14    -1.63219E+03   +8.58637E+02
   16    +2.25616E+03   +5.41310E+02
    5    +9.10263E+01   -8.84065E+02
    9    -3.57923E+03   +2.26755E+03
   15    +4.94232E+02   +1.34657E+03
   10    +3.00943E+03   -5.03780E+03
    4    -4.09734E-01   -3.15549E-01

Element # =     3     Typ = 8-K Scheibe
Knoten       F(1)           F(2)
    5    -9.08956E+01   +8.83988E+02
   16    -1.05748E+03   +8.19565E+02
   18    +1.72149E+03   -1.44410E+02
    7    -1.90048E-01   -2.61497E-01
   10    -3.00932E+03   +5.03805E+03
   17    +2.43606E+03   +5.45633E+02
   11    +4.73339E-02   -7.14304E+03
    6    +2.88221E-01   +4.80263E-01

Element # =     4     Typ = 8-K Scheibe
Knoten       F(1)           F(2)
   12    +1.84778E+03   -3.53911E+02
   23    -3.09730E+03   +9.23785E+02
   25    -1.79239E+02   +4.33838E+02
   14    +1.41276E+03   -7.22820E+02
   19    +1.82836E-01   +6.74378E-02
   24    -6.91656E+03   +2.91333E+03
   20    +3.40470E+03   -8.70717E+02
   13    +3.52768E+03   -2.32357E+03

Element # =     5     Typ = 8-K Scheibe
Knoten       F(1)           F(2)
   14    -9.37870E+02   -6.33770E+02
   25    -1.53335E+03   +3.65691E+02
   27    +1.55776E+03   -1.42403E+02
   16    +7.58267E+02   -7.95871E+02
   20    -3.40440E+03   +8.70686E+02
   26    +6.23262E+02   +1.96563E+03
   21    +3.43061E+03   -2.83359E+02
   15    -4.94278E+02   -1.34661E+03

Element # =     6     Typ = 8-K Scheibe
Knoten       F(1)           F(2)
   16    -1.95685E+03   -5.65289E+02
   27    -1.23449E+02   +3.56345E+02
   29    +2.09504E+03   +1.41871E+02
   18    -1.72149E+03   +1.43939E+02
   21    -3.43078E+03   +2.83217E+02
   28    +7.57354E+03   +1.84969E+02
   22    +7.10471E-02   +2.03781E-01
   17    -2.43608E+03   -5.45256E+02

Element # =     7     Typ = 8-K Scheibe
Knoten       F(1)           F(2)
   23    +3.09731E+03   -9.23519E+02
   34    -1.48833E+03   +2.43945E+02
   36    -1.55350E+03   +1.27737E+03
   25    +1.74132E+03   -5.56421E+02
   30    -6.11041E-02   +1.12139E-01
   35    -9.56354E+03   +5.95552E+02
   31    +8.50302E+02   +2.27652E+03
   24    +6.91650E+03   -2.91357E+03

Element # =     8     Typ = 8-K Scheibe
Knoten       F(1)           F(2)
   25    -2.88241E+01   -2.43135E+02
   36    -1.35656E+03   -9.63091E+02
   38    +1.36601E+03   +2.30274E+03
   27    -2.84301E+02   -1.91718E+02
   31    -8.50510E+02   -2.27651E+03
   37    -2.27259E+03   +4.27304E+02
   32    +4.05005E+03   +2.90994E+03
   26    -6.23283E+02   -1.96553E+03

Element # =     9     Typ = 8-K Scheibe
Knoten       F(1)           F(2)
   27    -1.14992E+03   -2.24582E+01
   38    +4.01849E+01   -1.86605E+03
   40    +7.00323E+03   +2.06809E+03
   29    -2.09483E+03   -1.41498E+02
   32    -4.05032E+03   -2.91006E+03
   39    +7.82543E+03   +3.05713E+03
   33    -5.69279E-02   -5.66153E-02
   28    -7.57372E+03   -1.85099E+02

Element # =    10     Typ = 8-K Scheibe
Knoten       F(1)           F(2)
   34    +1.48828E+03   -2.43839E+02
   45    -3.46600E+03   -1.03205E+03
   47    -1.77489E+03   +2.19041E+02
   36    +1.76208E+03   +7.97911E+02
   41    +1.11457E-01   -5.49863E-02
   46    -8.50345E+03   -2.83678E+03
   42    +9.30285E+02   +3.69142E+03
   35    +9.56359E+03   -5.95643E+02

Element # =    11     Typ = 8-K Scheibe
Knoten       F(1)           F(2)
   36    +1.14801E+03   -1.11237E+03
   47    -9.46720E+02   -1.02777E+03
   49    +6.99834E+02   +1.46331E+03
   38    -4.79392E+02   +7.98086E+02
   42    -9.30083E+02   -3.69139E+03
   48    -8.50062E+02   +1.98199E+02
   43    -9.14048E+02   +3.79927E+03
   37    +2.27247E+03   -4.27330E+02

Element # =    12     Typ = 8-K Scheibe
Knoten       F(1)           F(2)
   38    -9.26545E+02   -1.23461E+03
   49    +9.98757E+02   -7.21472E+02
   51    +3.92281E+03   +3.70604E+03
   40    -7.00299E+03   -2.06753E+03
   43    +9.14231E+02   -3.79931E+03
   50    +9.91979E+03   +7.17450E+03
   44    -2.90355E-01   -9.62980E-02
   39    -7.82576E+03   -3.05753E+03

Element # =    13     Typ = 8-K Scheibe
Knoten       F(1)           F(2)
   45    +3.46597E+03   +1.03192E+03
   56    -2.57421E+03   -1.54210E+03
   58    -1.18579E+03   -5.06972E+02
   47    +1.17700E+03   +9.59567E+02
   52    +3.08846E-02   +1.47970E-01
   57    -8.28211E+03   -4.74709E+03
   53    -1.10432E+03   +1.96735E+03
   46    +8.50343E+03   +2.83719E+03

Element # =    14     Typ = 8-K Scheibe
Knoten       F(1)           F(2)
   47    +1.54455E+03   -1.51201E+02
   58    -7.00419E+02   -1.05731E+03
   60    +6.09944E+02   +1.03802E+03
   49    -1.18043E+03   +3.12766E+02
   53    +1.10433E+03   -1.96747E+03
   59    -1.39398E+02   -2.38827E+02
   54    -2.08865E+03   +2.26236E+03
   48    +8.50070E+02   -1.98329E+02

Element # =    15     Typ = 8-K Scheibe
Knoten       F(1)           F(2)
   49    -5.18157E+02   -1.05437E+03
   60    +1.75508E+03   +2.96530E+02
   62    +2.65248E+03   +4.33943E+03
   51    -3.92264E+03   -3.70590E+03
   54    +2.08868E+03   -2.26236E+03
   61    +7.86450E+03   +9.56134E+03
   55    -1.51392E-01   -4.29093E-02
   50    -9.91979E+03   -7.17464E+03

Element # =    16     Typ = 8-K Scheibe
Knoten       F(1)           F(2)
   56    +2.57419E+03   +1.54202E+03
   67    -4.63305E+03   -2.37137E+03
   69    -7.88428E+02   -8.86172E+02
   58    +3.87165E+02   +8.84327E+02
   63    +5.05089E-02   -1.78531E-01
   68    -5.55203E+03   -4.88227E+03
   64    -2.70085E+02   +9.66925E+02
   57    +8.28218E+03   +4.74672E+03

Element # =    17     Typ = 8-K Scheibe
Knoten       F(1)           F(2)
   58    +1.49878E+03   +6.80104E+02
   69    -6.84148E+01   -6.76097E+02
   71    +7.47462E+02   +9.83926E+02
   60    -1.50040E+03   -3.61570E+02
   64    +2.70193E+02   -9.66810E+02
   70    +1.10849E+03   -1.73866E+02
   65    -2.19565E+03   +2.75569E+02
   59    +1.39533E+02   +2.38744E+02

Element # =    18     Typ = 8-K Scheibe
Knoten       F(1)           F(2)
   60    -8.64881E+02   -9.73153E+02
   71    +1.73847E+03   +8.97499E+02
   73    +1.42955E+03   +4.09476E+03
   62    -2.65264E+03   -4.33937E+03
   65    +2.19575E+03   -2.75647E+02
   72    +6.01794E+03   +1.01574E+04
   66    +1.07392E-01   +3.87513E-03
   61    -7.86429E+03   -9.56152E+03

Element # =    19     Typ = 8-K Scheibe
Knoten       F(1)           F(2)
   67    -5.82746E+02   -1.49077E+02
   78    -3.95955E+01   -1.29547E+03
   80    -5.80120E+02   -6.87685E+02
   69    +3.81509E+02   +1.03030E+03
   74    -3.63339E+03   -1.75832E+03
   79    +9.09383E+02   -2.33083E+03
   75    -2.00696E+03   +3.08733E+02
   68    +5.55191E+03   +4.88235E+03

Element # =    20     Typ = 8-K Scheibe
Knoten       F(1)           F(2)
   69    +4.75498E+02   +5.32235E+02
   80    +1.43399E+03   +1.14301E+02
   82    +9.99514E+01   +7.79886E+02
   71    -2.18987E+03   -1.26172E+03
   75    +2.00681E+03   -3.08887E+02
   81    +2.49215E+03   +1.57757E+03
   76    -3.20995E+03   -1.60732E+03
   70    -1.10857E+03   +1.73935E+02

Element # =    21     Typ = 8-K Scheibe
Knoten       F(1)           F(2)
   71    -2.96281E+02   -6.19698E+02
   82    +1.59031E+03   +1.66494E+03
   84    +4.53113E+02   +3.02905E+03
   73    -1.42977E+03   -4.09482E+03
   76    +3.21036E+03   +1.60764E+03
   83    +2.48991E+03   +8.57029E+03
   77    +1.10120E-01   +8.13500E-02
   72    -6.01775E+03   -1.01575E+04

Element # =    22     Typ = 8-K Scheibe
Knoten       F(1)           F(2)
   78    +4.62586E+02   +8.39289E+02
   89    +1.56311E+03   -3.67990E+02
   91    -6.03205E+02   -5.08202E+02
   80    -1.33033E+03   +3.28263E+01
   85    +3.84839E+03   +8.40535E+02
   90    +8.84397E+02   -2.09970E+03
   86    -3.91511E+03   -1.06754E+03
   79    -9.09834E+02   +2.33079E+03

Element # =    23     Typ = 8-K Scheibe
Knoten       F(1)           F(2)
   80    +4.76969E+02   +5.40833E+02
   91    +1.29589E+03   +5.27182E+01
   93    -2.83191E+02   +9.18767E+02
   82    -1.52891E+03   -1.60103E+03
   86    +3.91498E+03   +1.06781E+03
   92    +9.63273E+02   +1.51515E+03
   87    -2.34670E+03   -9.16839E+02
   81    -2.49231E+03   -1.57741E+03

Element # =    24     Typ = 8-K Scheibe
Knoten       F(1)           F(2)
   82    -1.61183E+02   -8.43877E+02
   93    +7.84053E+02   +1.22887E+03
   95    -1.54304E+02   +2.71723E+03
   84    -4.53383E+02   -3.02902E+03
   87    +2.34676E+03   +9.16986E+02
   94    +1.27374E+02   +7.57986E+03
   88    +2.33854E-01   +2.42262E-01
   83    -2.48955E+03   -8.57030E+03

Element # =    25     Typ = 8-K Scheibe
Knoten       F(1)           F(2)
   89    +8.27090E+02   +1.40802E+03
  100    -1.05802E+02   -5.40109E+02
  102    -3.41581E+02   -4.95339E+02
   91    -1.39067E+03   +6.79198E+01
   96    +3.57337E+03   +1.24643E+03
  101    +1.09099E+03   -2.94199E+03
   97    -2.76912E+03   -8.44612E+02
   90    -8.84284E+02   +2.09968E+03

Element # =    26     Typ = 8-K Scheibe
Knoten       F(1)           F(2)
   91    +6.98154E+02   +3.87513E+02
  102    +4.39235E+02   -2.62820E+02
  104    -5.68753E+02   +8.67927E+02
   93    -7.82398E+02   -1.19951E+03
   97    +2.76896E+03   +8.44243E+02
  103    +3.23999E+02   +9.18359E+02
   98    -1.91570E+03   -4.04830E+01
   92    -9.63492E+02   -1.51523E+03

Element # =    27     Typ = 8-K Scheibe
Knoten       F(1)           F(2)
   93    +2.81489E+02   -9.48493E+02
  104    +3.23672E+02   +8.84671E+02
  106    -8.59405E+02   +3.02003E+03
   95    +1.54296E+02   -2.71725E+03
   98    +1.91598E+03   +4.03963E+01
  105    -1.68878E+03   +7.30068E+03
   99    -5.61063E-03   -5.42297E-02
   94    -1.27251E+02   -7.57997E+03

Element # =    28     Typ = 8-K Scheibe
Knoten       F(1)           F(2)
  100    -1.28079E+03   +2.14823E+03
  111    +6.76491E+02   -8.89367E+02
  113    +3.70419E+02   -4.99070E+02
  102    -5.96462E+02   +2.97251E+02
  107    +8.32336E-02   -6.90955E-02
  112    +2.66696E+03   -2.49766E+03
  108    -7.45772E+02   -1.50125E+03
  101    -1.09093E+03   +2.94193E+03

Element # =    29     Typ = 8-K Scheibe
Knoten       F(1)           F(2)
  102    +4.98997E+02   +4.61084E+02
  113    +5.26755E+02   +2.20207E+02
  115    -2.74625E+02   +2.41015E+02
  104    -3.46170E+02   -1.21754E+03
  108    +7.45890E+02   +1.50124E+03
  114    +6.16156E+02   +9.28207E+02
  109    -1.44291E+03   -1.21619E+03
  103    -3.24089E+02   -9.18027E+02

Element # =    30     Typ = 8-K Scheibe
Knoten       F(1)           F(2)
  104    +5.91424E+02   -5.35292E+02
  115    +8.11232E-01   +1.11102E+03
  117    -1.46810E+03   +2.61912E+03
  106    +8.59553E+02   -3.02021E+03
  109    +1.44268E+03   +1.21649E+03
  116    -3.11510E+03   +5.90939E+03
  110    +9.37268E-02   +1.03319E-01
  105    +1.68863E+03   -7.30062E+03

Element # =    31     Typ = 8-K Scheibe
Knoten       F(1)           F(2)
  111    -6.76334E+02   +8.89499E+02
  122    +7.48014E+02   -3.46461E+02
  124    +6.10466E+02   -3.74507E+02
  113    -4.95744E+02   -3.91424E+02
  118    -1.85757E-01   +2.55296E-02
  123    +2.42185E+03   -5.15079E+02
  119    +5.89323E+01   -1.75969E+03
  112    -2.66700E+03   +2.49764E+03

Element # =    32     Typ = 8-K Scheibe
Knoten       F(1)           F(2)
  113    -4.01506E+02   +6.70350E+02
  124    +3.21838E+02   +4.13942E+02
  126    +1.74864E+02   +1.76239E+01
  115    -1.38083E+01   -1.17513E+03
  119    -5.89031E+01   +1.75955E+03
  125    +9.05404E+02   +1.20342E+03
  120    -3.11587E+02   -1.96168E+03
  114    -6.16302E+02   -9.28072E+02

Element # =    33     Typ = 8-K Scheibe
Knoten       F(1)           F(2)
  115    +2.87599E+02   -1.77456E+02
  126    -1.17841E+02   +9.53920E+02
  128    -2.00953E+03   +1.84195E+03
  117    +1.46832E+03   -2.61908E+03
  120    +3.11605E+02   +1.96177E+03
  127    -3.05528E+03   +3.94841E+03
  121    +7.63218E-02   -1.17026E-01
  116    +3.11506E+03   -5.90941E+03

Element # =    34     Typ = 8-K Scheibe
Knoten       F(1)           F(2)
  122    -7.47887E+02   +3.46410E+02
  133    +4.01812E+02   +1.15871E+02
  135    +6.07048E+02   +1.51982E+02
  124    -3.47505E+02   -4.21657E+02
  129    +3.37546E-02   +1.46732E-01
  134    +1.53101E+03   +5.63721E+02
  130    +9.77787E+02   -1.27147E+03
  123    -2.42230E+03   +5.14997E+02

Element # =    35     Typ = 8-K Scheibe
Knoten       F(1)           F(2)
  124    -5.84662E+02   +3.82053E+02
  135    -1.19520E+02   +5.54196E+02
  137    +5.62342E+02   +4.67836E+02
  126    +2.55131E+02   -1.08153E+03
  130    -9.78034E+02   +1.27175E+03
  136    +4.50809E+02   +1.26992E+03
  131    +1.31928E+03   -1.66070E+03
  125    -9.05344E+02   -1.20352E+03

Element # =    36     Typ = 8-K Scheibe
Knoten       F(1)           F(2)
  126    -3.11996E+02   +1.10079E+02
  137    -5.55785E+02   +1.01323E+03
  139    -1.90434E+03   +7.46539E+02
  128    +2.00939E+03   -1.84188E+03
  131    -1.31990E+03   +1.66067E+03
  138    -9.72669E+02   +2.26005E+03
  132    +1.39911E-02   -7.92295E-02
  127    +3.05528E+03   -3.94861E+03

Element # =    37     Typ = 8-K Scheibe
Knoten       F(1)           F(2)
  133    -4.01632E+02   -1.16107E+02
  144    +2.48904E+02   +3.39814E+01
  146    +2.42746E+02   +2.90240E+02
  135    +8.73170E+01   -4.40070E+02
  140    -1.48365E-01   -4.24085E-02
  145    +1.54976E+02   +5.89350E+02
  141    +1.19891E+03   +2.06203E+02
  134    -1.53107E+03   -5.63555E+02

Element # =    38     Typ = 8-K Scheibe
Knoten       F(1)           F(2)
  135    -5.74718E+02   -2.66413E+02
  146    -3.33459E+02   -3.21408E+02
  148    -5.55166E+01   +4.48531E+02
  137    +9.68802E+02   -9.05394E+02
  141    -1.19896E+03   -2.06285E+02
  147    -5.53362E+02   +6.70036E+02
  142    +2.19798E+03   +1.85076E+03
  136    -4.50769E+02   -1.26982E+03

Element # =    39     Typ = 8-K Scheibe
Knoten       F(1)           F(2)
  137    -9.74822E+02   -5.75393E+02
  148    -1.02745E+01   -1.22985E+03
  150    -3.11336E+02   +3.22486E+02
  139    +1.90445E+03   -7.46409E+02
  142    -2.19799E+03   -1.85061E+03
  149    +6.17557E+02   -8.03188E+02
  143    -9.41640E-02   +7.14297E+03
  138    +9.72509E+02   -2.26001E+03

Element # =    40     Typ = 8-K Scheibe
Knoten       F(1)           F(2)
  144    -2.48842E+02   -3.39169E+01
  155    -5.90535E+01   +3.74532E+01
  157    -3.27944E+01   +3.10166E+01
  146    +2.58904E+02   +1.73866E+02
  151    +1.33318E-01   -1.17692E-01
  156    +1.40071E+01   -1.46699E+02
  152    +2.22894E+02   +5.27405E+02
  145    -1.55248E+02   -5.89007E+02

Element # =    41     Typ = 8-K Scheibe
Knoten       F(1)           F(2)
  146    -1.68302E+02   -1.42966E+02
  157    -2.07729E+01   +1.27985E+02
  159    -5.38530E+01   +5.61599E+01
  148    -2.18612E+02   +1.07813E+03
  152    -2.22837E+02   -5.27072E+02
  158    +1.24559E+02   -2.36747E+02
  153    +6.35378E+00   +3.14372E+02
  147    +5.53464E+02   -6.69863E+02

Element # =    42     Typ = 8-K Scheibe
Knoten       F(1)           F(2)
  148    +2.84391E+02   -2.96873E+02
  159    +1.41330E+02   -2.79918E+00
  161    +6.10922E+01   -1.04818E+02
  150    +3.11595E+02   -3.22607E+02
  153    -6.16517E+00   -3.14296E+02
  160    -1.74080E+02   +2.38142E+02
  154    -2.56635E-01   +4.88191E-02
  149    -6.17908E+02   +8.03204E+02

Element # =    43     Typ = 8-K Scheibe
Knoten       F(1)           F(2)
  155    +5.90866E+01   -3.77811E+01
  166    -7.63979E-02   -1.80615E-01
  168    -9.97812E-01   -1.56946E+01
  157    +3.47369E+01   -7.44234E+01
  162    +9.63027E-02   -2.91905E-01
  167    +1.51081E-01   +4.96333E-01
  163    -7.90119E+01   -1.90813E+01
  156    -1.39848E+01   +1.46957E+02

Element # =    44     Typ = 8-K Scheibe
Knoten       F(1)           F(2)
  157    +1.88804E+01   -8.43664E+01
  168    +9.53987E-01   +1.56153E+01
  170    +9.60323E+00   +1.87516E+01
  159    -1.83276E+01   -1.38510E+02
  163    +7.89704E+01   +1.91593E+01
  169    +1.19987E-01   -7.71067E-02
  164    +3.43899E+01   -6.72872E+01
  158    -1.24590E+02   +2.36715E+02

Element # =    45     Typ = 8-K Scheibe
Knoten       F(1)           F(2)
  159    -6.91083E+01   +8.50684E+01
  170    -9.65520E+00   -1.91175E+01
  172    +9.84453E-02   -9.24424E-02
  161    -6.10625E+01   +1.04653E+02
  164    -3.44359E+01   +6.70981E+01
  171    -2.10044E-01   +4.68994E-01
  165    +1.42987E-01   +9.68898E-02
  160    +1.74230E+02   -2.38176E+02

Element # =    46     Typ = 8-K Scheibe
Knoten       F(1)           F(2)
   67    +5.21590E+03   +2.52072E+03
  177    -1.12617E+03   +6.04861E+02
  179    -1.78017E+02   +3.96135E+02
   78    -3.16468E+02   -1.37732E+03
  173    -1.61658E-01   +1.77505E-02
  178    -5.50523E+03   +3.61854E+02
  174    -1.72309E+03   -4.26441E+03
   74    +3.63324E+03   +1.75815E+03

Element # =    47     Typ = 8-K Scheibe
Knoten       F(1)           F(2)
   78    -1.06475E+02   +1.83376E+03
  179    -3.90682E+02   +3.55400E+02
  181    +6.66095E+02   -3.53826E+02
   89    -7.10818E+01   -1.61061E+03
  174    +1.72309E+03   +4.26437E+03
  180    -4.29407E+02   +1.29660E+02
  175    +2.45679E+03   -3.77818E+03
   85    -3.84833E+03   -8.40571E+02

Element # =    48     Typ = 8-K Scheibe
Knoten       F(1)           F(2)
   89    -2.31910E+03   +5.70620E+02
  181    +6.69122E+02   -4.93843E+01
  183    +2.11490E+03   -7.46922E+02
  100    +1.38653E+03   -1.60805E+03
  175    -2.45669E+03   +3.77798E+03
  182    +4.17867E+03   -6.97608E+02
  176    -1.32558E-02   +5.52383E-02
   96    -3.57341E+03   -1.24669E+03

Element # =    49     Typ = 8-K Scheibe
Knoten       F(1)           F(2)
  177    +1.12614E+03   -6.04699E+02
  188    -1.86755E+03   +2.75514E+02
  190    -6.87681E+02   +1.39002E+02
  179    +1.05228E+02   -7.27708E+02
  184    +1.99051E-02   -3.19470E-02
  189    -4.21241E+03   +1.36513E+03
  185    +3.09830E+01   -8.49867E+01
  178    +5.50527E+03   -3.62216E+02

Element # =    50     Typ = 8-K Scheibe
Knoten       F(1)           F(2)
  179    +4.63424E+02   -2.36292E+01
  190    -6.25263E+02   +1.26915E+02
  192    +5.29487E+02   -7.23822E+01
  181    -6.43481E+02   +4.38120E+01
  185    -3.09858E+01   +8.51521E+01
  191    -4.23949E+01   -4.86115E+01
  186    -8.00986E+01   +1.86199E+01
  180    +4.29312E+02   -1.29876E+02

Element # =    51     Typ = 8-K Scheibe
Knoten       F(1)           F(2)
  181    -6.91728E+02   +3.59789E+02
  192    +5.70592E+02   -1.07595E+02
  194    +1.77364E+03   -2.73821E+02
  183    -2.11508E+03   +7.47099E+02
  186    +7.99762E+01   -1.87151E+01
  193    +4.56132E+03   -1.40404E+03
  187    +3.78831E-02   -1.09523E-01
  182    -4.17875E+03   +6.97395E+02

Element # =    52     Typ = 8-K Scheibe
Knoten       F(1)           F(2)
  188    +1.86756E+03   -2.75491E+02
  199    -1.68180E+03   +4.67443E+02
  201    -4.23605E+02   +1.68430E+02
  190    +7.38448E+02   -7.25458E+01
  195    -6.92758E-02   -7.53170E-04
  200    -4.73360E+03   +1.14070E+03
  196    +2.07284E+01   -6.35870E+01
  189    +4.21234E+03   -1.36495E+03

Element # =    53     Typ = 8-K Scheibe
Knoten       F(1)           F(2)
  190    +5.74489E+02   -1.93184E+02
  201    -5.73110E+02   +1.27026E+02
  203    +3.95279E+02   -3.08334E+02
  192    -5.36291E+02   +1.02845E+02
  196    -2.06884E+01   +6.36704E+01
  202    +1.45461E+02   +1.27122E+02
  197    -2.74027E+01   +3.22654E+01
  191    +4.22629E+01   +4.85898E+01

Element # =    54     Typ = 8-K Scheibe
Knoten       F(1)           F(2)
  192    -5.63882E+02   +7.71759E+01
  203    +2.90006E+02   -3.44815E+02
  205    +1.40079E+03   -5.79082E+02
  194    -1.77391E+03   +2.73492E+02
  197    +2.73917E+01   -3.22071E+01
  204    +5.18095E+03   -7.98673E+02
  198    +9.00134E-02   -3.77890E-02
  193    -4.56143E+03   +1.40415E+03

Element # =    55     Typ = 8-K Scheibe
Knoten       F(1)           F(2)
  199    +1.68182E+03   -4.67502E+02
  210    -1.52461E+03   +3.72712E+02
  212    -1.09057E+03   +2.30591E+02
  201    +5.78860E+02   -1.83012E+02
  206    +7.72221E-02   -5.11653E-03
  211    -3.88912E+03   +4.14147E+02
  207    -4.90163E+02   +7.73482E+02
  200    +4.73370E+03   -1.14041E+03

Element # =    56     Typ = 8-K Scheibe
Knoten       F(1)           F(2)
  201    +4.17825E+02   -1.12713E+02
  212    -1.85300E+02   -5.43551E+02
  214    +3.05674E+00   +5.46864E+02
  203    -6.45495E+02   +1.39510E+02
  207    +4.90115E+02   -7.73410E+02
  213    -7.88761E+02   -5.41363E+02
  208    +8.54065E+02   +1.41154E+03
  202    -1.45507E+02   -1.26877E+02

Element # =    57     Typ = 8-K Scheibe
Knoten       F(1)           F(2)
  203    -3.98266E+01   +5.13635E+02
  214    +5.99453E+02   -7.31339E+02
  216    +5.17604E+03   +1.86134E+03
  205    -1.40094E+03   +5.78660E+02
  208    -8.54082E+02   -1.41150E+03
  215    +1.70031E+03   -1.60970E+03
  209    -5.75341E-02   -1.35216E-01
  204    -5.18090E+03   +7.99044E+02

Element # =    58     Typ = 8-K Scheibe
Knoten       F(1)           F(2)
  210    +1.52452E+03   -3.72732E+02
  221    -4.08468E+02   +1.43729E+02
  223    -8.65907E+02   -1.37484E+02
  212    -2.89690E+01   +4.89335E+02
  217    +8.13550E-02   +5.37481E-03
  222    -1.68727E+03   -1.30114E+02
  218    -2.42339E+03   +4.21516E+02
  211    +3.88941E+03   -4.14255E+02

Element # =    59     Typ = 8-K Scheibe
Knoten       F(1)           F(2)
  212    +1.30475E+03   -1.76515E+02
  223    +2.68445E+02   +5.97608E+00
  225    -8.36633E+02   -3.68127E+02
  214    -8.34068E+02   +1.18699E+03
  218    +2.42339E+03   -4.21649E+02
  224    -8.40131E+02   -7.12700E+02
  219    -2.27434E+03   -5.51095E+01
  213    +7.88589E+02   +5.41140E+02

Element # =    60     Typ = 8-K Scheibe
Knoten       F(1)           F(2)
  214    +2.31584E+02   -1.00266E+03
  225    +7.01413E+02   -5.49975E+01
  227    -5.65496E+02   -7.37074E+02
  216    +5.19450E+02   +1.29236E+02
  219    +2.27441E+03   +5.51785E+01
  226    -5.12299E+02   -2.97673E+02
  220    -9.48818E+02   +2.98391E+02
  215    -1.70024E+03   +1.60960E+03

Element # =    61     Typ = 8-K Scheibe
Knoten       F(1)           F(2)
  221    +4.08390E+02   -1.43722E+02
  232    -1.17293E+02   -1.38709E+00
  234    -3.05682E+02   -3.55519E+01
  223    -1.67597E+02   +5.89507E+01
  228    +4.27401E-02   -1.39145E-02
  233    -3.87847E+02   -2.61675E+01
  229    -1.11759E+03   +1.73167E+01
  222    +1.68757E+03   +1.30575E+02

Element # =    62     Typ = 8-K Scheibe
Knoten       F(1)           F(2)
  223    +7.65000E+02   +7.23047E+01
  234    +6.67876E+01   -7.73653E+01
  236    -3.29264E+02   -9.35779E+01
  225    -4.43414E+02   -1.07192E+01
  229    +1.11763E+03   -1.71972E+01
  235    -4.28894E+02   -2.50220E+02
  230    -1.58792E+03   -3.35940E+02
  224    +8.40072E+02   +7.12715E+02

Element # =    63     Typ = 8-K Scheibe
Knoten       F(1)           F(2)
  225    +5.78694E+02   +4.34001E+02
  236    +1.73724E+02   -1.62661E+00
  238    -3.84644E+02   -1.18893E+02
  227    -4.98963E+02   +1.07607E+02
  230    +1.58795E+03   +3.35978E+02
  237    -2.71791E+02   -4.79924E+02
  231    -1.69736E+03   -5.74915E+02
  226    +5.12391E+02   +2.97774E+02

Element # =    64     Typ = 8-K Scheibe
Knoten       F(1)           F(2)
  232    +1.17178E+02   +1.21231E+00
  243    -1.60442E-02   -5.01452E-02
  245    -2.26362E+01   -3.04995E+01
  234    -5.81638E+01   +7.95830E+01
  239    +2.96597E-03   -1.17865E-03
  244    +2.67552E-01   +6.67352E-01
  240    -4.24993E+02   -7.81159E+01
  233    +3.88361E+02   +2.72040E+01

Element # =    65     Typ = 8-K Scheibe
Knoten       F(1)           F(2)
  234    +2.96919E+02   +3.33365E+01
  245    +2.24713E+01   +3.03609E+01
  247    -1.29696E+02   -1.91718E+02
  236    -1.97770E+02   +9.22804E+01
  240    +4.25188E+02   +7.83178E+01
  246    +9.06898E-02   +1.87270E-01
  241    -8.46219E+02   -2.93412E+02
  235    +4.29016E+02   +2.50647E+02

Element # =    66     Typ = 8-K Scheibe
Knoten       F(1)           F(2)
  236    +3.53267E+02   +2.97526E+00
  247    +1.29544E+02   +1.91533E+02
  249    -3.67641E+02   -4.85658E+02
  238    -2.80604E+02   +1.00739E+01
  241    +8.46253E+02   +2.93450E+02
  248    +8.77818E-02   +3.50872E-02
  242    -9.52724E+02   -4.92675E+02
  237    +2.71817E+02   +4.80266E+02

Die aufsummierten Knotenkraefte je Knoten
-----------------------------------------

Knoten       F(1)           F(2)           F(3)           F(4)           F(5)           F(6)

    1    +4.01329E-03   +1.06957E-02   +0.00000E+00   +0.00000E+00   +0.00000E+00   +0.00000E+00
    2    -6.01968E-03   +1.57346E-01   +0.00000E+00   +0.00000E+00   +0.00000E+00   +0.00000E+00
    3    +5.63077E-02   -9.29632E-02   +0.00000E+00   +0.00000E+00   +0.00000E+00   +0.00000E+00
    4    -4.09734E-01   -3.15549E-01   +0.00000E+00   +0.00000E+00   +0.00000E+00   +0.00000E+00
    5    +1.30755E-01   -7.72236E-02   +0.00000E+00   +0.00000E+00   +0.00000E+00   +0.00000E+00
    6    +2.88221E-01   +4.80263E-01   +0.00000E+00   +0.00000E+00   +0.00000E+00   +0.00000E+00
    7    -1.90048E-01   -2.61497E-01   +0.00000E+00   +0.00000E+00   +0.00000E+00   +0.00000E+00
    8    -4.14632E-02   +3.21641E-02   +0.00000E+00   +0.00000E+00   +0.00000E+00   +0.00000E+00
    9    -1.40861E-01   +8.09259E-02   +0.00000E+00   +0.00000E+00   +0.00000E+00   +0.00000E+00
   10    +1.11339E-01   +2.43518E-01   +0.00000E+00   +0.00000E+00   +0.00000E+00   +0.00000E+00
   11    +4.73339E-02   -7.14304E+03   +0.00000E+00   +0.00000E+00   +0.00000E+00   +0.00000E+00
   12    -5.01120E-02   -7.61252E-02   +0.00000E+00   +0.00000E+00   +0.00000E+00   +0.00000E+00
   13    +1.21437E-01   -1.01427E-01   +0.00000E+00   +0.00000E+00   +0.00000E+00   +0.00000E+00
   14    -3.35512E-02   +2.28939E-01   +0.00000E+00   +0.00000E+00   +0.00000E+00   +0.00000E+00
   15    -4.60658E-02   -4.14148E-02   +0.00000E+00   +0.00000E+00   +0.00000E+00   +0.00000E+00
   16    +9.84379E-02   -2.84555E-01   +0.00000E+00   +0.00000E+00   +0.00000E+00   +0.00000E+00
   17    -2.00245E-02   +3.77118E-01   +0.00000E+00   +0.00000E+00   +0.00000E+00   +0.00000E+00
   18    -7.48037E-04   -4.70381E-01   +0.00000E+00   +0.00000E+00   +0.00000E+00   +0.00000E+00
   19    +1.82836E-01   +6.74378E-02   +0.00000E+00   +0.00000E+00   +0.00000E+00   +0.00000E+00
   20    +2.98365E-01   -3.07220E-02   +0.00000E+00   +0.00000E+00   +0.00000E+00   +0.00000E+00
   21    -1.68063E-01   -1.41711E-01   +0.00000E+00   +0.00000E+00   +0.00000E+00   +0.00000E+00
   22    +7.10471E-02   +2.03781E-01   +0.00000E+00   +0.00000E+00   +0.00000E+00   +0.00000E+00
   23    +1.09019E-02   +2.65110E-01   +0.00000E+00   +0.00000E+00   +0.00000E+00   +0.00000E+00
   24    -6.14068E-02   -2.42109E-01   +0.00000E+00   +0.00000E+00   +0.00000E+00   +0.00000E+00
   25    -9.14180E-02   -2.69104E-02   +0.00000E+00   +0.00000E+00   +0.00000E+00   +0.00000E+00
   26    -2.10676E-02   +1.04782E-01   +0.00000E+00   +0.00000E+00   +0.00000E+00   +0.00000E+00
   27    +8.70711E-02   -2.33893E-01   +0.00000E+00   +0.00000E+00   +0.00000E+00   +0.00000E+00
   28    -1.80217E-01   -1.30524E-01   +0.00000E+00   +0.00000E+00   +0.00000E+00   +0.00000E+00
   29    +2.12606E-01   +3.72962E-01   +0.00000E+00   +0.00000E+00   +0.00000E+00   +0.00000E+00
   30    -6.11041E-02   +1.12139E-01   +0.00000E+00   +0.00000E+00   +0.00000E+00   +0.00000E+00
   31    -2.07737E-01   +1.65209E-02   +0.00000E+00   +0.00000E+00   +0.00000E+00   +0.00000E+00
   32    -2.69063E-01   -1.24027E-01   +0.00000E+00   +0.00000E+00   +0.00000E+00   +0.00000E+00
   33    -5.69279E-02   -5.66153E-02   +0.00000E+00   +0.00000E+00   +0.00000E+00   +0.00000E+00
   34    -5.35577E-02   +1.06910E-01   +0.00000E+00   +0.00000E+00   +0.00000E+00   +0.00000E+00
   35    +4.22896E-02   -9.04932E-02   +0.00000E+00   +0.00000E+00   +0.00000E+00   +0.00000E+00
   36    +3.07220E-02   -1.70306E-01   +0.00000E+00   +0.00000E+00   +0.00000E+00   +0.00000E+00
   37    -1.20282E-01   -2.52625E-02   +0.00000E+00   +0.00000E+00   +0.00000E+00   +0.00000E+00
   38    +2.58617E-01   +1.72121E-01   +0.00000E+00   +0.00000E+00   +0.00000E+00   +0.00000E+00
   39    -3.33026E-01   -3.95866E-01   +0.00000E+00   +0.00000E+00   +0.00000E+00   +0.00000E+00
   40    +2.37920E-01   +5.57604E-01   +0.00000E+00   +0.00000E+00   +0.00000E+00   +0.00000E+00
   41    +1.11457E-01   -5.49863E-02   +0.00000E+00   +0.00000E+00   +0.00000E+00   +0.00000E+00
   42    +2.01547E-01   +2.65576E-02   +0.00000E+00   +0.00000E+00   +0.00000E+00   +0.00000E+00
   43    +1.83590E-01   -4.50080E-02   +0.00000E+00   +0.00000E+00   +0.00000E+00   +0.00000E+00
   44    -2.90355E-01   -9.62980E-02   +0.00000E+00   +0.00000E+00   +0.00000E+00   +0.00000E+00
   45    -2.91608E-02   -1.26028E-01   +0.00000E+00   +0.00000E+00   +0.00000E+00   +0.00000E+00
   46    -2.14373E-02   +4.01410E-01   +0.00000E+00   +0.00000E+00   +0.00000E+00   +0.00000E+00
   47    -6.84464E-02   -3.63092E-01   +0.00000E+00   +0.00000E+00   +0.00000E+00   +0.00000E+00
   48    +7.98173E-03   -1.30726E-01   +0.00000E+00   +0.00000E+00   +0.00000E+00   +0.00000E+00
   49    +8.14201E-03   +2.31490E-01   +0.00000E+00   +0.00000E+00   +0.00000E+00   +0.00000E+00
   50    -3.59719E-03   -1.36240E-01   +0.00000E+00   +0.00000E+00   +0.00000E+00   +0.00000E+00
   51    +1.76895E-01   +1.45786E-01   +0.00000E+00   +0.00000E+00   +0.00000E+00   +0.00000E+00
   52    +3.08846E-02   +1.47970E-01   +0.00000E+00   +0.00000E+00   +0.00000E+00   +0.00000E+00
   53    +1.40043E-02   -1.29287E-01   +0.00000E+00   +0.00000E+00   +0.00000E+00   +0.00000E+00
   54    +2.80374E-02   +4.10092E-03   +0.00000E+00   +0.00000E+00   +0.00000E+00   +0.00000E+00
   55    -1.51392E-01   -4.29093E-02   +0.00000E+00   +0.00000E+00   +0.00000E+00   +0.00000E+00
   56    -1.04611E-02   -8.62913E-02   +0.00000E+00   +0.00000E+00   +0.00000E+00   +0.00000E+00
   57    +7.03790E-02   -3.71026E-01   +0.00000E+00   +0.00000E+00   +0.00000E+00   +0.00000E+00
   58    -2.61211E-01   +1.46248E-01   +0.00000E+00   +0.00000E+00   +0.00000E+00   +0.00000E+00
   59    +1.35302E-01   -8.25562E-02   +0.00000E+00   +0.00000E+00   +0.00000E+00   +0.00000E+00
   60    -2.62841E-01   -1.75102E-01   +0.00000E+00   +0.00000E+00   +0.00000E+00   +0.00000E+00
   61    +2.06857E-01   -1.76162E-01   +0.00000E+00   +0.00000E+00   +0.00000E+00   +0.00000E+00
   62    -1.63301E-01   +5.61562E-02   +0.00000E+00   +0.00000E+00   +0.00000E+00   +0.00000E+00
   63    +5.05089E-02   -1.78531E-01   +0.00000E+00   +0.00000E+00   +0.00000E+00   +0.00000E+00
   64    +1.07922E-01   +1.15442E-01   +0.00000E+00   +0.00000E+00   +0.00000E+00   +0.00000E+00
   65    +1.05672E-01   -7.86457E-02   +0.00000E+00   +0.00000E+00   +0.00000E+00   +0.00000E+00
   66    +1.07392E-01   +3.87513E-03   +0.00000E+00   +0.00000E+00   +0.00000E+00   +0.00000E+00
   67    +9.67331E-02   +2.72365E-01   +0.00000E+00   +0.00000E+00   +0.00000E+00   +0.00000E+00
   68    -1.12435E-01   +7.74242E-02   +0.00000E+00   +0.00000E+00   +0.00000E+00   +0.00000E+00
   69    +1.63560E-01   +2.60400E-01   +0.00000E+00   +0.00000E+00   +0.00000E+00   +0.00000E+00
   70    -7.40981E-02   +6.92723E-02   +0.00000E+00   +0.00000E+00   +0.00000E+00   +0.00000E+00
   71    -2.20983E-01   +8.53340E-03   +0.00000E+00   +0.00000E+00   +0.00000E+00   +0.00000E+00
   72    +1.90277E-01   -4.40147E-02   +0.00000E+00   +0.00000E+00   +0.00000E+00   +0.00000E+00
   73    -2.22932E-01   -6.27838E-02   +0.00000E+00   +0.00000E+00   +0.00000E+00   +0.00000E+00
   74    -1.45948E-01   -1.67767E-01   +0.00000E+00   +0.00000E+00   +0.00000E+00   +0.00000E+00
   75    -1.49718E-01   -1.54532E-01   +0.00000E+00   +0.00000E+00   +0.00000E+00   +0.00000E+00
   76    +4.09961E-01   +3.17242E-01   +0.00000E+00   +0.00000E+00   +0.00000E+00   +0.00000E+00
   77    +1.10120E-01   +8.13500E-02   +0.00000E+00   +0.00000E+00   +0.00000E+00   +0.00000E+00
   78    +4.70105E-02   +2.50768E-01   +0.00000E+00   +0.00000E+00   +0.00000E+00   +0.00000E+00
   79    -4.50583E-01   -3.87989E-02   +0.00000E+00   +0.00000E+00   +0.00000E+00   +0.00000E+00
   80    +5.04309E-01   +2.75275E-01   +0.00000E+00   +0.00000E+00   +0.00000E+00   +0.00000E+00
   81    -1.61831E-01   +1.61697E-01   +0.00000E+00   +0.00000E+00   +0.00000E+00   +0.00000E+00
   82    +1.69927E-01   -8.47580E-02   +0.00000E+00   +0.00000E+00   +0.00000E+00   +0.00000E+00
   83    +3.52685E-01   -1.46388E-02   +0.00000E+00   +0.00000E+00   +0.00000E+00   +0.00000E+00
   84    -2.70089E-01   +3.23086E-02   +0.00000E+00   +0.00000E+00   +0.00000E+00   +0.00000E+00
   85    +5.73820E-02   -3.62502E-02   +0.00000E+00   +0.00000E+00   +0.00000E+00   +0.00000E+00
   86    -1.34167E-01   +2.63468E-01   +0.00000E+00   +0.00000E+00   +0.00000E+00   +0.00000E+00
   87    +6.23341E-02   +1.46592E-01   +0.00000E+00   +0.00000E+00   +0.00000E+00   +0.00000E+00
   88    +2.33854E-01   +2.42262E-01   +0.00000E+00   +0.00000E+00   +0.00000E+00   +0.00000E+00
   89    +2.04829E-02   +4.34852E-02   +0.00000E+00   +0.00000E+00   +0.00000E+00   +0.00000E+00
   90    +1.12313E-01   -2.53495E-02   +0.00000E+00   +0.00000E+00   +0.00000E+00   +0.00000E+00
   91    +1.70081E-01   -5.13978E-02   +0.00000E+00   +0.00000E+00   +0.00000E+00   +0.00000E+00
   92    -2.19015E-01   -7.88537E-02   +0.00000E+00   +0.00000E+00   +0.00000E+00   +0.00000E+00
   93    -4.73322E-02   -3.63992E-01   +0.00000E+00   +0.00000E+00   +0.00000E+00   +0.00000E+00
   94    +1.23077E-01   -1.10409E-01   +0.00000E+00   +0.00000E+00   +0.00000E+00   +0.00000E+00
   95    -8.30266E-03   -1.89626E-02   +0.00000E+00   +0.00000E+00   +0.00000E+00   +0.00000E+00
   96    -4.05352E-02   -2.55931E-01   +0.00000E+00   +0.00000E+00   +0.00000E+00   +0.00000E+00
   97    -1.57548E-01   -3.69005E-01   +0.00000E+00   +0.00000E+00   +0.00000E+00   +0.00000E+00
   98    +2.76944E-01   -8.67400E-02   +0.00000E+00   +0.00000E+00   +0.00000E+00   +0.00000E+00
   99    -5.61063E-03   -5.42297E-02   +0.00000E+00   +0.00000E+00   +0.00000E+00   +0.00000E+00
  100    -6.11880E-02   +7.06521E-02   +0.00000E+00   +0.00000E+00   +0.00000E+00   +0.00000E+00
  101    +6.09542E-02   -6.52733E-02   +0.00000E+00   +0.00000E+00   +0.00000E+00   +0.00000E+00
  102    +1.88222E-01   +1.76287E-01   +0.00000E+00   +0.00000E+00   +0.00000E+00   +0.00000E+00
  103    -9.03109E-02   +3.31497E-01   +0.00000E+00   +0.00000E+00   +0.00000E+00   +0.00000E+00
  104    +1.73591E-01   -2.34995E-01   +0.00000E+00   +0.00000E+00   +0.00000E+00   +0.00000E+00
  105    -1.45135E-01   +5.94367E-02   +0.00000E+00   +0.00000E+00   +0.00000E+00   +0.00000E+00
  106    +1.47901E-01   -1.77283E-01   +0.00000E+00   +0.00000E+00   +0.00000E+00   +0.00000E+00
  107    +8.32336E-02   -6.90955E-02   +0.00000E+00   +0.00000E+00   +0.00000E+00   +0.00000E+00
  108    +1.18384E-01   -2.34434E-03   +0.00000E+00   +0.00000E+00   +0.00000E+00   +0.00000E+00
  109    -2.30341E-01   +3.03677E-01   +0.00000E+00   +0.00000E+00   +0.00000E+00   +0.00000E+00
  110    +9.37268E-02   +1.03319E-01   +0.00000E+00   +0.00000E+00   +0.00000E+00   +0.00000E+00
  111    +1.56781E-01   +1.32315E-01   +0.00000E+00   +0.00000E+00   +0.00000E+00   +0.00000E+00
  112    -4.23784E-02   -2.30310E-02   +0.00000E+00   +0.00000E+00   +0.00000E+00   +0.00000E+00
  113    -7.59911E-02   +6.20553E-02   +0.00000E+00   +0.00000E+00   +0.00000E+00   +0.00000E+00
  114    -1.45467E-01   +1.35481E-01   +0.00000E+00   +0.00000E+00   +0.00000E+00   +0.00000E+00
  115    -2.30097E-02   -5.51523E-01   +0.00000E+00   +0.00000E+00   +0.00000E+00   +0.00000E+00
  116    -3.96981E-02   -1.60911E-02   +0.00000E+00   +0.00000E+00   +0.00000E+00   +0.00000E+00
  117    +2.16516E-01   +4.00461E-02   +0.00000E+00   +0.00000E+00   +0.00000E+00   +0.00000E+00
  118    -1.85757E-01   +2.55296E-02   +0.00000E+00   +0.00000E+00   +0.00000E+00   +0.00000E+00
  119    +2.92099E-02   -1.41800E-01   +0.00000E+00   +0.00000E+00   +0.00000E+00   +0.00000E+00
  120    +1.84769E-02   +8.55711E-02   +0.00000E+00   +0.00000E+00   +0.00000E+00   +0.00000E+00
  121    +7.63218E-02   -1.17026E-01   +0.00000E+00   +0.00000E+00   +0.00000E+00   +0.00000E+00
  122    +1.26767E-01   -5.10439E-02   +0.00000E+00   +0.00000E+00   +0.00000E+00   +0.00000E+00
  123    -4.49581E-01   -8.25504E-02   +0.00000E+00   +0.00000E+00   +0.00000E+00   +0.00000E+00
  124    +1.37485E-01   -1.69163E-01   +0.00000E+00   +0.00000E+00   +0.00000E+00   +0.00000E+00
  125    +6.03470E-02   -1.04767E-01   +0.00000E+00   +0.00000E+00   +0.00000E+00   +0.00000E+00
  126    +1.58872E-01   +9.71091E-02   +0.00000E+00   +0.00000E+00   +0.00000E+00   +0.00000E+00
  127    +1.80160E-03   -1.99178E-01   +0.00000E+00   +0.00000E+00   +0.00000E+00   +0.00000E+00
  128    -1.37791E-01   +7.67797E-02   +0.00000E+00   +0.00000E+00   +0.00000E+00   +0.00000E+00
  129    +3.37546E-02   +1.46732E-01   +0.00000E+00   +0.00000E+00   +0.00000E+00   +0.00000E+00
  130    -2.47275E-01   +2.81922E-01   +0.00000E+00   +0.00000E+00   +0.00000E+00   +0.00000E+00
  131    -6.26480E-01   -3.81869E-02   +0.00000E+00   +0.00000E+00   +0.00000E+00   +0.00000E+00
  132    +1.39911E-02   -7.92295E-02   +0.00000E+00   +0.00000E+00   +0.00000E+00   +0.00000E+00
  133    +1.80164E-01   -2.35483E-01   +0.00000E+00   +0.00000E+00   +0.00000E+00   +0.00000E+00
  134    -5.79414E-02   +1.65691E-01   +0.00000E+00   +0.00000E+00   +0.00000E+00   +0.00000E+00
  135    +1.27048E-01   -3.05416E-01   +0.00000E+00   +0.00000E+00   +0.00000E+00   +0.00000E+00
  136    +4.02699E-02   +9.20905E-02   +0.00000E+00   +0.00000E+00   +0.00000E+00   +0.00000E+00
  137    +5.36933E-01   +2.83752E-01   +0.00000E+00   +0.00000E+00   +0.00000E+00   +0.00000E+00
  138    -1.60662E-01   +4.47853E-02   +0.00000E+00   +0.00000E+00   +0.00000E+00   +0.00000E+00
  139    +1.17320E-01   +1.29994E-01   +0.00000E+00   +0.00000E+00   +0.00000E+00   +0.00000E+00
  140    -1.48365E-01   -4.24085E-02   +0.00000E+00   +0.00000E+00   +0.00000E+00   +0.00000E+00
  141    -5.09127E-02   -8.19451E-02   +0.00000E+00   +0.00000E+00   +0.00000E+00   +0.00000E+00
  142    -1.43280E-02   +1.49856E-01   +0.00000E+00   +0.00000E+00   +0.00000E+00   +0.00000E+00
  143    -9.41640E-02   +7.14297E+03   +0.00000E+00   +0.00000E+00   +0.00000E+00   +0.00000E+00
  144    +6.18551E-02   +6.45644E-02   +0.00000E+00   +0.00000E+00   +0.00000E+00   +0.00000E+00
  145    -2.72883E-01   +3.42819E-01   +0.00000E+00   +0.00000E+00   +0.00000E+00   +0.00000E+00
  146    -1.10718E-01   -2.68025E-01   +0.00000E+00   +0.00000E+00   +0.00000E+00   +0.00000E+00
  147    +1.02112E-01   +1.72680E-01   +0.00000E+00   +0.00000E+00   +0.00000E+00   +0.00000E+00
  148    -1.14766E-02   -5.92153E-02   +0.00000E+00   +0.00000E+00   +0.00000E+00   +0.00000E+00
  149    -3.51069E-01   +1.61992E-02   +0.00000E+00   +0.00000E+00   +0.00000E+00   +0.00000E+00
  150    +2.58686E-01   -1.21439E-01   +0.00000E+00   +0.00000E+00   +0.00000E+00   +0.00000E+00
  151    +1.33318E-01   -1.17692E-01   +0.00000E+00   +0.00000E+00   +0.00000E+00   +0.00000E+00
  152    +5.69831E-02   +3.32955E-01   +0.00000E+00   +0.00000E+00   +0.00000E+00   +0.00000E+00
  153    +1.88615E-01   +7.55805E-02   +0.00000E+00   +0.00000E+00   +0.00000E+00   +0.00000E+00
  154    -2.56635E-01   +4.88191E-02   +0.00000E+00   +0.00000E+00   +0.00000E+00   +0.00000E+00
  155    +3.31483E-02   -3.27939E-01   +0.00000E+00   +0.00000E+00   +0.00000E+00   +0.00000E+00
  156    +2.22822E-02   +2.57883E-01   +0.00000E+00   +0.00000E+00   +0.00000E+00   +0.00000E+00
  157    +4.99801E-02   +2.11641E-01   +0.00000E+00   +0.00000E+00   +0.00000E+00   +0.00000E+00
  158    -3.11499E-02   -3.26644E-02   +0.00000E+00   +0.00000E+00   +0.00000E+00   +0.00000E+00
  159    +4.16107E-02   -8.11531E-02   +0.00000E+00   +0.00000E+00   +0.00000E+00   +0.00000E+00
  160    +1.50853E-01   -3.43095E-02   +0.00000E+00   +0.00000E+00   +0.00000E+00   +0.00000E+00
  161    +2.97659E-02   -1.64787E-01   +0.00000E+00   +0.00000E+00   +0.00000E+00   +0.00000E+00
  162    +9.63027E-02   -2.91905E-01   +0.00000E+00   +0.00000E+00   +0.00000E+00   +0.00000E+00
  163    -4.14783E-02   +7.80412E-02   +0.00000E+00   +0.00000E+00   +0.00000E+00   +0.00000E+00
  164    -4.60324E-02   -1.89034E-01   +0.00000E+00   +0.00000E+00   +0.00000E+00   +0.00000E+00
  165    +1.42987E-01   +9.68898E-02   +0.00000E+00   +0.00000E+00   +0.00000E+00   +0.00000E+00
  166    -7.63979E-02   -1.80615E-01   +0.00000E+00   +0.00000E+00   +0.00000E+00   +0.00000E+00
  167    +1.51081E-01   +4.96333E-01   +0.00000E+00   +0.00000E+00   +0.00000E+00   +0.00000E+00
  168    -4.38251E-02   -7.93596E-02   +0.00000E+00   +0.00000E+00   +0.00000E+00   +0.00000E+00
  169    +1.19987E-01   -7.71067E-02   +0.00000E+00   +0.00000E+00   +0.00000E+00   +0.00000E+00
  170    -5.19762E-02   -3.65904E-01   +0.00000E+00   +0.00000E+00   +0.00000E+00   +0.00000E+00
  171    -2.10044E-01   +4.68994E-01   +0.00000E+00   +0.00000E+00   +0.00000E+00   +0.00000E+00
  172    +9.84453E-02   -9.24424E-02   +0.00000E+00   +0.00000E+00   +0.00000E+00   +0.00000E+00
  173    -1.61658E-01   +1.77505E-02   +0.00000E+00   +0.00000E+00   +0.00000E+00   +0.00000E+00
  174    -5.44004E-03   -4.24524E-02   +0.00000E+00   +0.00000E+00   +0.00000E+00   +0.00000E+00
  175    +1.01223E-01   -2.00268E-01   +0.00000E+00   +0.00000E+00   +0.00000E+00   +0.00000E+00
  176    -1.32558E-02   +5.52383E-02   +0.00000E+00   +0.00000E+00   +0.00000E+00   +0.00000E+00
  177    -2.91976E-02   +1.62449E-01   +0.00000E+00   +0.00000E+00   +0.00000E+00   +0.00000E+00
  178    +4.29817E-02   -3.61955E-01   +0.00000E+00   +0.00000E+00   +0.00000E+00   +0.00000E+00
  179    -4.71879E-02   +1.97593E-01   +0.00000E+00   +0.00000E+00   +0.00000E+00   +0.00000E+00
  180    -9.42923E-02   -2.15987E-01   +0.00000E+00   +0.00000E+00   +0.00000E+00   +0.00000E+00
  181    +7.27788E-03   +3.91602E-01   +0.00000E+00   +0.00000E+00   +0.00000E+00   +0.00000E+00
  182    -7.60437E-02   -2.13188E-01   +0.00000E+00   +0.00000E+00   +0.00000E+00   +0.00000E+00
  183    -1.85320E-01   +1.77228E-01   +0.00000E+00   +0.00000E+00   +0.00000E+00   +0.00000E+00
  184    +1.99051E-02   -3.19470E-02   +0.00000E+00   +0.00000E+00   +0.00000E+00   +0.00000E+00
  185    -2.81989E-03   +1.65465E-01   +0.00000E+00   +0.00000E+00   +0.00000E+00   +0.00000E+00
  186    -1.22355E-01   -9.51351E-02   +0.00000E+00   +0.00000E+00   +0.00000E+00   +0.00000E+00
  187    +3.78831E-02   -1.09523E-01   +0.00000E+00   +0.00000E+00   +0.00000E+00   +0.00000E+00
  188    +7.13695E-03   +2.33862E-02   +0.00000E+00   +0.00000E+00   +0.00000E+00   +0.00000E+00
  189    -6.60439E-02   +1.77674E-01   +0.00000E+00   +0.00000E+00   +0.00000E+00   +0.00000E+00
  190    -6.09913E-03   +1.87469E-01   +0.00000E+00   +0.00000E+00   +0.00000E+00   +0.00000E+00
  191    -1.31984E-01   -2.17745E-02   +0.00000E+00   +0.00000E+00   +0.00000E+00   +0.00000E+00
  192    -9.52116E-02   +4.29817E-02   +0.00000E+00   +0.00000E+00   +0.00000E+00   +0.00000E+00
  193    -1.18821E-01   +1.04428E-01   +0.00000E+00   +0.00000E+00   +0.00000E+00   +0.00000E+00
  194    -2.77633E-01   -3.29107E-01   +0.00000E+00   +0.00000E+00   +0.00000E+00   +0.00000E+00
  195    -6.92758E-02   -7.53170E-04   +0.00000E+00   +0.00000E+00   +0.00000E+00   +0.00000E+00
  196    +3.99863E-02   +8.33988E-02   +0.00000E+00   +0.00000E+00   +0.00000E+00   +0.00000E+00
  197    -1.10178E-02   +5.82669E-02   +0.00000E+00   +0.00000E+00   +0.00000E+00   +0.00000E+00
  198    +9.00134E-02   -3.77890E-02   +0.00000E+00   +0.00000E+00   +0.00000E+00   +0.00000E+00
  199    +1.92913E-02   -5.84064E-02   +0.00000E+00   +0.00000E+00   +0.00000E+00   +0.00000E+00
  200    +1.02877E-01   +2.85132E-01   +0.00000E+00   +0.00000E+00   +0.00000E+00   +0.00000E+00
  201    -3.01941E-02   -2.68108E-01   +0.00000E+00   +0.00000E+00   +0.00000E+00   +0.00000E+00
  202    -4.54908E-02   +2.44777E-01   +0.00000E+00   +0.00000E+00   +0.00000E+00   +0.00000E+00
  203    -3.67691E-02   -3.80903E-03   +0.00000E+00   +0.00000E+00   +0.00000E+00   +0.00000E+00
  204    +5.50278E-02   +3.70983E-01   +0.00000E+00   +0.00000E+00   +0.00000E+00   +0.00000E+00
  205    -1.44019E-01   -4.21667E-01   +0.00000E+00   +0.00000E+00   +0.00000E+00   +0.00000E+00
  206    +7.72221E-02   -5.11653E-03   +0.00000E+00   +0.00000E+00   +0.00000E+00   +0.00000E+00
  207    -4.76899E-02   +7.25602E-02   +0.00000E+00   +0.00000E+00   +0.00000E+00   +0.00000E+00
  208    -1.69043E-02   +4.02089E-02   +0.00000E+00   +0.00000E+00   +0.00000E+00   +0.00000E+00
  209    -5.75341E-02   -1.35216E-01   +0.00000E+00   +0.00000E+00   +0.00000E+00   +0.00000E+00
  210    -8.89186E-02   -1.99869E-02   +0.00000E+00   +0.00000E+00   +0.00000E+00   +0.00000E+00
  211    +2.81090E-01   -1.08568E-01   +0.00000E+00   +0.00000E+00   +0.00000E+00   +0.00000E+00
  212    -8.40196E-02   -1.40203E-01   +0.00000E+00   +0.00000E+00   +0.00000E+00   +0.00000E+00
  213    -1.72395E-01   -2.23649E-01   +0.00000E+00   +0.00000E+00   +0.00000E+00   +0.00000E+00
  214    +2.58228E-02   -1.52390E-01   +0.00000E+00   +0.00000E+00   +0.00000E+00   +0.00000E+00
  215    +6.82243E-02   -9.92421E-02   +0.00000E+00   +0.00000E+00   +0.00000E+00   +0.00000E+00
  216    +5.69549E+03   +1.99057E+03   +0.00000E+00   +0.00000E+00   +0.00000E+00   +0.00000E+00
  217    +8.13550E-02   +5.37481E-03   +0.00000E+00   +0.00000E+00   +0.00000E+00   +0.00000E+00
  218    -1.75408E-03   -1.33558E-01   +0.00000E+00   +0.00000E+00   +0.00000E+00   +0.00000E+00
  219    +6.45457E-02   +6.89654E-02   +0.00000E+00   +0.00000E+00   +0.00000E+00   +0.00000E+00
  220    -9.48818E+02   +2.98391E+02   +0.00000E+00   +0.00000E+00   +0.00000E+00   +0.00000E+00
  221    -7.78117E-02   +7.46586E-03   +0.00000E+00   +0.00000E+00   +0.00000E+00   +0.00000E+00
  222    +2.97936E-01   +4.61042E-01   +0.00000E+00   +0.00000E+00   +0.00000E+00   +0.00000E+00
  223    -5.89002E-02   -2.52912E-01   +0.00000E+00   +0.00000E+00   +0.00000E+00   +0.00000E+00
  224    -5.93410E-02   +1.48648E-02   +0.00000E+00   +0.00000E+00   +0.00000E+00   +0.00000E+00
  225    +5.87828E-02   +1.57706E-01   +0.00000E+00   +0.00000E+00   +0.00000E+00   +0.00000E+00
  226    +9.18209E-02   +1.00845E-01   +0.00000E+00   +0.00000E+00   +0.00000E+00   +0.00000E+00
  227    -1.06446E+03   -6.29467E+02   +0.00000E+00   +0.00000E+00   +0.00000E+00   +0.00000E+00
  228    +4.27401E-02   -1.39145E-02   +0.00000E+00   +0.00000E+00   +0.00000E+00   +0.00000E+00
  229    +4.66852E-02   +1.19447E-01   +0.00000E+00   +0.00000E+00   +0.00000E+00   +0.00000E+00
  230    +2.58139E-02   +3.78513E-02   +0.00000E+00   +0.00000E+00   +0.00000E+00   +0.00000E+00
  231    -1.69736E+03   -5.74915E+02   +0.00000E+00   +0.00000E+00   +0.00000E+00   +0.00000E+00
  232    -1.14626E-01   -1.74780E-01   +0.00000E+00   +0.00000E+00   +0.00000E+00   +0.00000E+00
  233    +5.14133E-01   +1.03651E+00   +0.00000E+00   +0.00000E+00   +0.00000E+00   +0.00000E+00
  234    -1.39294E-01   +2.26162E-03   +0.00000E+00   +0.00000E+00   +0.00000E+00   +0.00000E+00
  235    +1.22371E-01   +4.27099E-01   +0.00000E+00   +0.00000E+00   +0.00000E+00   +0.00000E+00
  236    -4.29455E-02   +5.11598E-02   +0.00000E+00   +0.00000E+00   +0.00000E+00   +0.00000E+00
  237    +2.57302E-02   +3.41933E-01   +0.00000E+00   +0.00000E+00   +0.00000E+00   +0.00000E+00
  238    -6.65248E+02   -1.08820E+02   +0.00000E+00   +0.00000E+00   +0.00000E+00   +0.00000E+00
  239    +2.96597E-03   -1.17865E-03   +0.00000E+00   +0.00000E+00   +0.00000E+00   +0.00000E+00
  240    +1.94941E-01   +2.01897E-01   +0.00000E+00   +0.00000E+00   +0.00000E+00   +0.00000E+00
  241    +3.32663E-02   +3.72296E-02   +0.00000E+00   +0.00000E+00   +0.00000E+00   +0.00000E+00
  242    -9.52724E+02   -4.92675E+02   +0.00000E+00   +0.00000E+00   +0.00000E+00   +0.00000E+00
  243    -1.60442E-02   -5.01452E-02   +0.00000E+00   +0.00000E+00   +0.00000E+00   +0.00000E+00
  244    +2.67552E-01   +6.67352E-01   +0.00000E+00   +0.00000E+00   +0.00000E+00   +0.00000E+00
  245    -1.64811E-01   -1.38615E-01   +0.00000E+00   +0.00000E+00   +0.00000E+00   +0.00000E+00
  246    +9.06898E-02   +1.87270E-01   +0.00000E+00   +0.00000E+00   +0.00000E+00   +0.00000E+00
  247    -1.52534E-01   -1.84607E-01   +0.00000E+00   +0.00000E+00   +0.00000E+00   +0.00000E+00
  248    +8.77818E-02   +3.50872E-02   +0.00000E+00   +0.00000E+00   +0.00000E+00   +0.00000E+00
  249    -3.67641E+02   -4.85658E+02   +0.00000E+00   +0.00000E+00   +0.00000E+00   +0.00000E+00
