 92 1
      1        1   +1.221E+02
      3        2   +1.346E+02
      5        2   +1.191E+02
      7        1   +8.826E+01
     12        2   +2.956E+02
     14        4   +1.914E+02
     16        4   +1.772E+02
     18        2   +2.211E+02
     23        2   +3.881E+02
     25        4   +1.791E+02
     27        4   +1.679E+02
     29        2   +3.449E+02
     34        2   +3.070E+02
     36        4   +2.157E+02
     38        4   +1.467E+02
     40        2   +5.151E+02
     45        2   +3.146E+02
     47        4   +1.812E+02
     49        4   +1.364E+02
     51        2   +5.008E+02
     56        2   +2.596E+02
     58        4   +1.388E+02
     60        4   +1.259E+02
     62        2   +4.102E+02
     67        3   +1.837E+02
     69        4   +7.994E+01
     71        4   +1.269E+02
     73        2   +3.186E+02
     78        4   +7.808E+01
     80        4   +8.859E+01
     82        4   +1.256E+02
     84        2   +2.516E+02
     89        4   +1.131E+02
     91        4   +8.830E+01
     93        4   +9.336E+01
     95        2   +2.173E+02
    100        3   +9.603E+01
    102        4   +5.470E+01
    104        4   +7.263E+01
    106        2   +2.102E+02
    111        2   +9.815E+01
    113        4   +6.331E+01
    115        4   +7.303E+01
    117        2   +2.103E+02
    122        2   +7.433E+01
    124        4   +6.699E+01
    126        4   +8.556E+01
    128        2   +1.960E+02
    133        2   +5.701E+01
    135        4   +6.317E+01
    137        4   +1.111E+02
    139        2   +1.504E+02
    144        2   +3.405E+01
    146        4   +3.990E+01
    148        4   +5.462E+01
    150        2   +5.649E+01
    155        2   +4.958E+00
    157        4   +3.835E+00
    159        4   +5.542E+00
    161        2   +4.512E+00
    166        1   +2.848E+00
    168        2   +2.423E+00
    170        2   +1.799E+00
    172        1   +1.533E-01
    177        2   +1.186E+02
    179        4   +4.247E+01
    181        4   +5.034E+01
    183        2   +1.160E+02
    188        2   +1.150E+02
    190        4   +4.672E+01
    192        4   +4.319E+01
    194        2   +1.150E+02
    199        2   +1.158E+02
    201        4   +4.426E+01
    203        4   +4.569E+01
    205        2   +1.150E+02
    210        2   +9.239E+01
    212        4   +5.193E+01
    214        4   +3.271E+01
    216        2   +7.294E+01
    221        2   +3.439E+01
    223        4   +3.098E+01
    225        4   +2.748E+01
    227        2   +2.455E+01
    232        2   +7.572E+00
    234        4   +1.146E+01
    236        4   +1.474E+01
    238        2   +1.543E+01
    243        1   +1.250E-01
    245        2   +2.937E+00
    247        2   +8.149E+00
    249        1   +1.288E+01
 66
      1   +1.844E+02
      2   +1.598E+02
      3   +1.420E+02
      4   +2.882E+02
      5   +1.497E+02
      6   +2.442E+02
      7   +2.959E+02
      8   +1.399E+02
      9   +3.129E+02
     10   +2.758E+02
     11   +1.462E+02
     12   +3.704E+02
     13   +2.408E+02
     14   +1.079E+02
     15   +3.240E+02
     16   +1.973E+02
     17   +8.187E+01
     18   +2.697E+02
     19   +9.641E+01
     20   +8.796E+01
     21   +2.244E+02
     22   +1.040E+02
     23   +8.761E+01
     24   +1.821E+02
     25   +9.505E+01
     26   +5.941E+01
     27   +1.596E+02
     28   +9.154E+01
     29   +4.853E+01
     30   +1.540E+02
     31   +7.905E+01
     32   +6.617E+01
     33   +1.496E+02
     34   +6.495E+01
     35   +7.863E+01
     36   +1.515E+02
     37   +5.032E+01
     38   +7.368E+01
     39   +1.194E+02
     40   +1.698E+01
     41   +1.961E+01
     42   +1.222E+01
     43   +3.677E+00
     44   +4.121E+00
     45   +3.693E+00
     46   +1.032E+02
     47   +6.416E+01
     48   +9.565E+01
     49   +9.006E+01
     50   +2.415E+01
     51   +8.871E+01
     52   +8.922E+01
     53   +2.324E+01
     54   +8.928E+01
     55   +8.735E+01
     56   +2.882E+01
     57   +9.191E+01
     58   +5.575E+01
     59   +3.973E+01
     60   +2.583E+01
     61   +1.837E+01
     62   +2.015E+01
     63   +2.021E+01
     64   +3.894E+00
     65   +8.463E+00
     66   +1.259E+01
