Ausgabedatei Z88O2.TXT: Verschiebungen, erzeugt mit Z88R V15OS
                        **************
Lastfall: 1
Knoten         U(1)              U(2)              U(3)              U(4)              U(5)              U(6)

     1    +6.9895791E-02    -6.5164508E-01
     2    +4.7637861E-02    -6.6543799E-01
     3    +2.6465864E-02    -6.7883764E-01
     4    +5.9927419E-03    -6.9135580E-01
     5    -1.3736546E-02    -7.0315148E-01
     6    -3.2170109E-02    -7.1330991E-01
     7    -4.8839140E-02    -7.2227358E-01
     8    +8.5045625E-02    -6.0063443E-01
     9    +3.7668451E-02    -6.1993777E-01
    10    -6.9039499E-03    -6.3799116E-01
    11    -4.9026670E-02    -6.5432636E-01
    12    +9.8210195E-02    -5.4697786E-01
    13    +7.3102245E-02    -5.5326360E-01
    14    +4.8535845E-02    -5.5944278E-01
    15    +2.4432751E-02    -5.6530060E-01
    16    +7.3624688E-04    -5.7086779E-01
    17    -2.2918010E-02    -5.7585134E-01
    18    -4.6715420E-02    -5.8057143E-01
    19    +1.0861494E-01    -4.9394146E-01
    20    +5.8503764E-02    -5.0053113E-01
    21    +8.8423822E-03    -5.0687451E-01
    22    -3.9905314E-02    -5.1269517E-01
    23    +1.1664448E-01    -4.4297384E-01
    24    +9.2402985E-02    -4.4397372E-01
    25    +6.7457818E-02    -4.4514463E-01
    26    +4.2564503E-02    -4.4648275E-01
    27    +1.7621850E-02    -4.4799444E-01
    28    -6.9738411E-03    -4.4951399E-01
    29    -3.1550015E-02    -4.5104104E-01
    30    +1.2323591E-01    -3.9565951E-01
    31    +7.5172830E-02    -3.9450222E-01
    32    +2.6589916E-02    -3.9393211E-01
    33    -2.1844716E-02    -3.9537141E-01
    34    +1.3017543E-01    -3.5231786E-01
    35    +1.0548899E-01    -3.5077855E-01
    36    +8.1022082E-02    -3.4897026E-01
    37    +5.6949186E-02    -3.4706431E-01
    38    +3.3469067E-02    -3.4542103E-01
    39    +1.1496987E-02    -3.4410246E-01
    40    -9.4292418E-03    -3.4416128E-01
    41    +1.1526792E-01    -3.0603710E-01
    42    +6.9768883E-02    -3.1431470E-01
    43    +2.6235813E-02    -3.2232745E-01
    44    -1.1932640E-02    -3.3088259E-01
    45    +9.8016890E-02    -2.6974441E-01
    46    +7.7833015E-02    -2.7806123E-01
    47    +5.7682918E-02    -2.8645550E-01
    48    +3.7661788E-02    -2.9492991E-01
    49    +1.8134515E-02    -3.0333826E-01
    50    -5.8021209E-04    -3.1187715E-01
    51    -1.5273088E-02    -3.1984206E-01
    52    +8.0614522E-02    -2.4168547E-01
    53    +4.4927126E-02    -2.6449425E-01
    54    +9.1171428E-03    -2.8808288E-01
    55    -2.0132717E-02    -3.1054686E-01
    56    +6.3169057E-02    -2.1956498E-01
    57    +4.7454125E-02    -2.3308790E-01
    58    +3.1585985E-02    -2.4694048E-01
    59    +1.5438352E-02    -2.6116831E-01
    60    -3.9242089E-04    -2.7563737E-01
    61    -1.4785099E-02    -2.8989265E-01
    62    -2.5921390E-02    -3.0245738E-01
    63    +4.5159737E-02    -2.0236639E-01
    64    +1.7767778E-02    -2.3291923E-01
    65    -1.0319865E-02    -2.6553515E-01
    66    -3.2482390E-02    -2.9562003E-01
    67    +2.6199630E-02    -1.8909765E-01
    68    +1.5728084E-02    -2.0462710E-01
    69    +3.9380443E-03    -2.2172500E-01
    70    -8.6045731E-03    -2.3952695E-01
    71    -2.0760448E-02    -2.5739451E-01
    72    -3.1501100E-02    -2.7471602E-01
    73    -3.9709645E-02    -2.8977075E-01
    74    +2.5939564E-04    -1.8713456E-01
    75    -1.8154232E-02    -2.1967971E-01
    76    -3.6472407E-02    -2.5324817E-01
    77    -4.9779091E-02    -2.8296443E-01
    78    -2.3877609E-02    -1.8626405E-01
    79    -3.0807780E-02    -2.0201535E-01
    80    -3.7825764E-02    -2.1802676E-01
    81    -4.4683054E-02    -2.3409417E-01
    82    -5.0884024E-02    -2.4977986E-01
    83    -5.5964967E-02    -2.6450212E-01
    84    -5.9865996E-02    -2.7774607E-01
    85    -4.5865289E-02    -1.8574860E-01
    86    -5.5957001E-02    -2.1687119E-01
    87    -6.4538587E-02    -2.4701087E-01
    88    -6.9752443E-02    -2.7385186E-01
    89    -6.6972028E-02    -1.8542283E-01
    90    -7.0142524E-02    -2.0089818E-01
    91    -7.2996286E-02    -2.1605661E-01
    92    -7.5619810E-02    -2.3079258E-01
    93    -7.7663482E-02    -2.4499075E-01
    94    -7.9029480E-02    -2.5846149E-01
    95    -7.9593324E-02    -2.7106463E-01
    96    -8.7425975E-02    -1.8532395E-01
    97    -8.9386112E-02    -2.1565246E-01
    98    -9.0336041E-02    -2.4368950E-01
    99    -8.9282038E-02    -2.6907939E-01
   100    -1.0841349E-01    -1.8485292E-01
   101    -1.0641216E-01    -2.0079632E-01
   102    -1.0481151E-01    -2.1560541E-01
   103    -1.0358222E-01    -2.2962305E-01
   104    -1.0235938E-01    -2.4312428E-01
   105    -1.0086917E-01    -2.5587688E-01
   106    -9.8826520E-02    -2.6783533E-01
   107    -1.3169983E-01    -2.0112016E-01
   108    -1.2312547E-01    -2.2463065E-01
   109    -1.1485771E-01    -2.4703123E-01
   110    -1.0601774E-01    -2.6745500E-01
   111    -1.4684837E-01    -2.1587537E-01
   112    -1.4131886E-01    -2.2459192E-01
   113    -1.3555295E-01    -2.3363394E-01
   114    -1.2981951E-01    -2.4256673E-01
   115    -1.2415822E-01    -2.5129559E-01
   116    -1.1842699E-01    -2.5960544E-01
   117    -1.1212518E-01    -2.6752967E-01
   118    -1.5649690E-01    -2.2919126E-01
   119    -1.4355981E-01    -2.4248873E-01
   120    -1.3054784E-01    -2.5576999E-01
   121    -1.1719873E-01    -2.6784637E-01
   122    -1.6171813E-01    -2.4209704E-01
   123    -1.5497669E-01    -2.4664884E-01
   124    -1.4820454E-01    -2.5123504E-01
   125    -1.4137590E-01    -2.5579624E-01
   126    -1.3456988E-01    -2.6036246E-01
   127    -1.2811971E-01    -2.6468115E-01
   128    -1.2128057E-01    -2.6843742E-01
   129    -1.6311425E-01    -2.5475652E-01
   130    -1.5002916E-01    -2.5979902E-01
   131    -1.3680212E-01    -2.6478685E-01
   132    -1.2467112E-01    -2.6914187E-01
   133    -1.6134793E-01    -2.6701420E-01
   134    -1.5549579E-01    -2.6761684E-01
   135    -1.4958937E-01    -2.6814140E-01
   136    -1.4356790E-01    -2.6865875E-01
   137    -1.3756405E-01    -2.6899601E-01
   138    -1.3159021E-01    -2.6963745E-01
   139    -1.2716580E-01    -2.6969506E-01
   140    -1.5843107E-01    -2.7248473E-01
   141    -1.4775210E-01    -2.7405635E-01
   142    -1.3701032E-01    -2.7471427E-01
   143    -1.2765829E-01    -2.7342657E-01
   144    -1.5573052E-01    -2.7784596E-01
   145    -1.5107863E-01    -2.7895356E-01
   146    -1.4634279E-01    -2.7989581E-01
   147    -1.4161679E-01    -2.8071608E-01
   148    -1.3697842E-01    -2.8140957E-01
   149    -1.3235470E-01    -2.8252802E-01
   150    -1.2717304E-01    -2.8390811E-01
   151    -1.5346414E-01    -2.8342044E-01
   152    -1.4511067E-01    -2.8634698E-01
   153    -1.3645706E-01    -2.8953766E-01
   154    -1.2725485E-01    -2.9324948E-01
   155    -1.5148414E-01    -2.8962548E-01
   156    -1.4771476E-01    -2.9146730E-01
   157    -1.4381200E-01    -2.9343133E-01
   158    -1.3985342E-01    -2.9543465E-01
   159    -1.3577820E-01    -2.9760449E-01
   160    -1.3158528E-01    -2.9986916E-01
   161    -1.2751854E-01    -3.0210858E-01
   162    -1.4952400E-01    -2.9646243E-01
   163    -1.4250969E-01    -3.0082316E-01
   164    -1.3515067E-01    -3.0566652E-01
   165    -1.2766111E-01    -3.1081554E-01
   166    -1.4747945E-01    -3.0375026E-01
   167    -1.4438170E-01    -3.0605211E-01
   168    -1.4121704E-01    -3.0849065E-01
   169    -1.3795642E-01    -3.1106831E-01
   170    -1.3464475E-01    -3.1372569E-01
   171    -1.3131439E-01    -3.1653285E-01
   172    -1.2784443E-01    -3.1952788E-01
   173    +1.4717388E-02    -1.5748543E-01
   174    -1.8518250E-02    -1.5403050E-01
   175    -5.2168281E-02    -1.5267896E-01
   176    -8.7455297E-02    -1.5088049E-01
   177    +1.5138504E-02    -1.3587212E-01
   178    +2.0114838E-03    -1.3149306E-01
   179    -1.1996928E-02    -1.2741154E-01
   180    -2.5958804E-02    -1.2342265E-01
   181    -4.0400810E-02    -1.1963680E-01
   182    -5.5022221E-02    -1.1613813E-01
   183    -7.0365294E-02    -1.1276131E-01
   184    +1.7505137E-02    -1.0140395E-01
   185    -5.9608086E-03    -9.3512129E-02
   186    -3.0283791E-02    -8.6689948E-02
   187    -5.5442118E-02    -8.0959321E-02
   188    +1.8636460E-02    -7.1517351E-02
   189    +8.6800131E-03    -6.8012418E-02
   190    -1.2010958E-03    -6.4760285E-02
   191    -1.1277929E-02    -6.1801462E-02
   192    -2.1385230E-02    -5.9142204E-02
   193    -3.1736341E-02    -5.6743566E-02
   194    -4.1999880E-02    -5.4686509E-02
   195    +1.8231808E-02    -4.6851672E-02
   196    +2.2863682E-03    -4.1233644E-02
   197    -1.3789617E-02    -3.6787202E-02
   198    -3.0135587E-02    -3.3555949E-02
   199    +1.6455469E-02    -2.7394276E-02
   200    +1.0525095E-02    -2.4994387E-02
   201    +4.6127609E-03    -2.2931107E-02
   202    -1.3897268E-03    -2.1168022E-02
   203    -7.4717158E-03    -1.9714736E-02
   204    -1.3255615E-02    -1.8432655E-02
   205    -1.9510660E-02    -1.7426694E-02
   206    +1.3211650E-02    -1.3411949E-02
   207    +5.5142801E-03    -1.0100709E-02
   208    -2.0523152E-03    -7.6286422E-03
   209    -9.7979494E-03    -6.4731218E-03
   210    +9.1071812E-03    -5.1597535E-03
   211    +7.2523057E-03    -4.0411847E-03
   212    +5.0569324E-03    -3.0059615E-03
   213    +2.7208045E-03    -1.9909273E-03
   214    +6.3637331E-04    -1.1110202E-03
   215    -2.8542321E-04    -3.5076876E-04
   216    +0.0000000E+00    +0.0000000E+00
   217    +5.6692938E-03    -1.6918940E-03
   218    +3.7909628E-03    -6.1224289E-04
   219    +1.3715261E-03    -3.0057023E-05
   220    +0.0000000E+00    +0.0000000E+00
   221    +3.3106448E-03    -6.9098122E-04
   222    +3.1719016E-03    -4.8629645E-04
   223    +2.6790115E-03    -2.8832587E-04
   224    +2.0078917E-03    -1.0181135E-04
   225    +1.2711535E-03    -1.4206578E-05
   226    +6.8845052E-04    -3.6754330E-05
   227    +0.0000000E+00    +0.0000000E+00
   228    +2.1875214E-03    -5.1476755E-04
   229    +1.8807833E-03    -2.6612097E-04
   230    +1.0389156E-03    -8.7639380E-05
   231    +0.0000000E+00    +0.0000000E+00
   232    +1.6861701E-03    -4.1295355E-04
   233    +1.5937464E-03    -3.5537780E-04
   234    +1.4047038E-03    -2.6931368E-04
   235    +1.1234909E-03    -1.8659799E-04
   236    +7.8632647E-04    -9.5504842E-05
   237    +3.9075767E-04    -2.9682904E-05
   238    +0.0000000E+00    +0.0000000E+00
   239    +1.5722115E-03    -2.3849766E-04
   240    +1.2054151E-03    -1.3561755E-04
   241    +6.1131191E-04    -4.4457491E-05
   242    +0.0000000E+00    +0.0000000E+00
   243    +1.6818829E-03    +1.4503365E-04
   244    +1.4793159E-03    +2.0522148E-04
   245    +1.2523865E-03    +2.5572789E-04
   246    +9.9063558E-04    +2.8124488E-04
   247    +6.9309342E-04    +2.6932429E-04
   248    +3.3904180E-04    +1.5340751E-04
   249    +0.0000000E+00    +0.0000000E+00
