  196
1    1  2  0.
1    2  2  0.
1    3  2  0.
2    1  2  0.
2    2  2  0.
3    1  2  0.
3    2  2  0.
4    1  2  0.
4    2  2  0.
5    1  2  0.
5    2  2  0.
6    1  2  0.
6    2  2  0.
7    1  2  0.
7    2  2  0.
8    1  2  0.
8    2  2  0.
9    1  2  0.
9    2  2  0.
10   1  2  0.
10   2  2  0.
11   1  2  0.
11   2  2  0.
12   1  2  0.
12   2  2  0.
13   1  2  0.
13   2  2  0.
14   1  2  0.
14   2  2  0.
15   1  2  0.
15   2  2  0.
16   1  2  0.
16   2  2  0.
17   1  2  0.
17   2  2  0.
18   1  2  0.
18   2  2  0.
19   1  2  0.
19   2  2  0.
20   1  2  0.
20   2  2  0.
21   1  2  0.
21   2  2  0.
22   1  2  0.
22   2  2  0.
23   1  2  0.
23   2  2  0.
24   1  2  0.
24   2  2  0.
25   1  2  0.
25   2  2  0.
25   3  2  0.
26   1  2  0.
26   3  2  0.
50   1  2  0.
50   3  2  0.
51   1  2  0.
51   3  2  0.
75   1  2  0.
75   3  2  0.
76   1  2  0.
76   3  2  0.
100  1  2  0.
100  3  2  0.
101  1  2  0.
101  3  2  0.
125  1  2  0.
125  3  2  0.
126  1  2  0.
126  3  2  0.
150  1  2  0.
150  3  2  0.
151  1  2  0.
151  3  2  0.
175  1  2  0.
175  3  2  0.
176  1  2  0.
176  3  2  0.
200  1  2  0.
200  3  2  0.
201  1  2  0.
201  3  2  0.
225  1  2  0.
225  3  2  0.
226  1  2  0.
226  3  2  0.
250  1  2  0.
250  3  2  0.
251  1  2  0.
251  3  2  0.
275  1  2  0.
275  3  2  0.
276  1  2  0.
276  3  2  0.
300  1  2  0.
300  3  2  0.
301  1  2  0.
301  3  2  0.
325  1  2  0.
325  3  2  0.
326  1  2  0.
326  3  2  0.
350  1  2  0.
350  3  2  0.
351  1  2  0.
351  3  2  0.
375  1  2  0.
375  3  2  0.
376  1  2  0.
376  3  2  0.
400  1  2  0.
400  3  2  0.
401  1  2  0.
401  3  2  0.
425  1  2  0.
425  3  2  0.
426  1  2  0.
426  3  2  0.
450  1  2  0.
450  3  2  0.
451  1  2  0.
451  3  2  0.
475  1  2  0.
475  3  2  0.
476  1  2  0.
476  3  2  0.
500  1  2  0.
500  3  2  0.
501  1  2  0.
501  3  2  0.
525  1  2  0.
525  3  2  0.
526  1  2  0.
526  3  2  0.
550  1  2  0.
550  3  2  0.
551  1  2  0.
551  3  2  0.
575  1  2  0.
575  3  2  0.
576  1  2  0.
576  3  2  0.
600  1  2  0.
600  3  2  0.
601  1  2  0.
601  2  2  0.
601  3  2  0.
602  1  2  0.
602  2  2  0.
603  1  2  0.
603  2  2  0.
604  1  2  0.
604  2  2  0.
605  1  2  0.
605  2  2  0.
606  1  2  0.
606  2  2  0.
607  1  2  0.
607  2  2  0.
608  1  2  0.
608  2  2  0.
609  1  2  0.
609  2  2  0.
610  1  2  0.
610  2  2  0.
611  1  2  0.
611  2  2  0.
612  1  2  0.
612  2  2  0.
613  1  2  0.
613  2  2  0.
614  1  2  0.
614  2  2  0.
615  1  2  0.
615  2  2  0.
616  1  2  0.
616  2  2  0.
617  1  2  0.
617  2  2  0.
618  1  2  0.
618  2  2  0.
619  1  2  0.
619  2  2  0.
620  1  2  0.
620  2  2  0.
621  1  2  0.
621  2  2  0.
622  1  2  0.
622  2  2  0.
623  1  2  0.
623  2  2  0.
624  1  2  0.
624  2  2  0.
625  1  2  0.
625  2  2  0.
625  3  2  0.
