    2   625    64  1875     0 Z88I1.TXT <-- Z88N V15.0
    1  3 +1.00000E+002 +1.00000E+002
    2  3 +1.00000E+002 +1.41667E+002
    3  3 +1.00000E+002 +1.83333E+002
    4  3 +1.00000E+002 +2.25000E+002
    5  3 +1.00000E+002 +2.66667E+002
    6  3 +1.00000E+002 +3.08333E+002
    7  3 +1.00000E+002 +3.50000E+002
    8  3 +1.00000E+002 +3.91667E+002
    9  3 +1.00000E+002 +4.33333E+002
   10  3 +1.00000E+002 +4.75000E+002
   11  3 +1.00000E+002 +5.16667E+002
   12  3 +1.00000E+002 +5.58333E+002
   13  3 +1.00000E+002 +6.00000E+002
   14  3 +1.00000E+002 +6.41667E+002
   15  3 +1.00000E+002 +6.83333E+002
   16  3 +1.00000E+002 +7.25000E+002
   17  3 +1.00000E+002 +7.66667E+002
   18  3 +1.00000E+002 +8.08333E+002
   19  3 +1.00000E+002 +8.50000E+002
   20  3 +1.00000E+002 +8.91667E+002
   21  3 +1.00000E+002 +9.33333E+002
   22  3 +1.00000E+002 +9.75000E+002
   23  3 +1.00000E+002 +1.01667E+003
   24  3 +1.00000E+002 +1.05833E+003
   25  3 +1.00000E+002 +1.10000E+003
   26  3 +1.41667E+002 +1.00000E+002
   27  3 +1.41667E+002 +1.41667E+002
   28  3 +1.41667E+002 +1.83333E+002
   29  3 +1.41667E+002 +2.25000E+002
   30  3 +1.41667E+002 +2.66667E+002
   31  3 +1.41667E+002 +3.08333E+002
   32  3 +1.41667E+002 +3.50000E+002
   33  3 +1.41667E+002 +3.91667E+002
   34  3 +1.41667E+002 +4.33333E+002
   35  3 +1.41667E+002 +4.75000E+002
   36  3 +1.41667E+002 +5.16667E+002
   37  3 +1.41667E+002 +5.58333E+002
   38  3 +1.41667E+002 +6.00000E+002
   39  3 +1.41667E+002 +6.41667E+002
   40  3 +1.41667E+002 +6.83333E+002
   41  3 +1.41667E+002 +7.25000E+002
   42  3 +1.41667E+002 +7.66667E+002
   43  3 +1.41667E+002 +8.08333E+002
   44  3 +1.41667E+002 +8.50000E+002
   45  3 +1.41667E+002 +8.91667E+002
   46  3 +1.41667E+002 +9.33333E+002
   47  3 +1.41667E+002 +9.75000E+002
   48  3 +1.41667E+002 +1.01667E+003
   49  3 +1.41667E+002 +1.05833E+003
   50  3 +1.41667E+002 +1.10000E+003
   51  3 +1.83333E+002 +1.00000E+002
   52  3 +1.83333E+002 +1.41667E+002
   53  3 +1.83333E+002 +1.83333E+002
   54  3 +1.83333E+002 +2.25000E+002
   55  3 +1.83333E+002 +2.66667E+002
   56  3 +1.83333E+002 +3.08333E+002
   57  3 +1.83333E+002 +3.50000E+002
   58  3 +1.83333E+002 +3.91667E+002
   59  3 +1.83333E+002 +4.33333E+002
   60  3 +1.83333E+002 +4.75000E+002
   61  3 +1.83333E+002 +5.16667E+002
   62  3 +1.83333E+002 +5.58333E+002
   63  3 +1.83333E+002 +6.00000E+002
   64  3 +1.83333E+002 +6.41667E+002
   65  3 +1.83333E+002 +6.83333E+002
   66  3 +1.83333E+002 +7.25000E+002
   67  3 +1.83333E+002 +7.66667E+002
   68  3 +1.83333E+002 +8.08333E+002
   69  3 +1.83333E+002 +8.50000E+002
   70  3 +1.83333E+002 +8.91667E+002
   71  3 +1.83333E+002 +9.33333E+002
   72  3 +1.83333E+002 +9.75000E+002
   73  3 +1.83333E+002 +1.01667E+003
   74  3 +1.83333E+002 +1.05833E+003
   75  3 +1.83333E+002 +1.10000E+003
   76  3 +2.25000E+002 +1.00000E+002
   77  3 +2.25000E+002 +1.41667E+002
   78  3 +2.25000E+002 +1.83333E+002
   79  3 +2.25000E+002 +2.25000E+002
   80  3 +2.25000E+002 +2.66667E+002
   81  3 +2.25000E+002 +3.08333E+002
   82  3 +2.25000E+002 +3.50000E+002
   83  3 +2.25000E+002 +3.91667E+002
   84  3 +2.25000E+002 +4.33333E+002
   85  3 +2.25000E+002 +4.75000E+002
   86  3 +2.25000E+002 +5.16667E+002
   87  3 +2.25000E+002 +5.58333E+002
   88  3 +2.25000E+002 +6.00000E+002
   89  3 +2.25000E+002 +6.41667E+002
   90  3 +2.25000E+002 +6.83333E+002
   91  3 +2.25000E+002 +7.25000E+002
   92  3 +2.25000E+002 +7.66667E+002
   93  3 +2.25000E+002 +8.08333E+002
   94  3 +2.25000E+002 +8.50000E+002
   95  3 +2.25000E+002 +8.91667E+002
   96  3 +2.25000E+002 +9.33333E+002
   97  3 +2.25000E+002 +9.75000E+002
   98  3 +2.25000E+002 +1.01667E+003
   99  3 +2.25000E+002 +1.05833E+003
  100  3 +2.25000E+002 +1.10000E+003
  101  3 +2.66667E+002 +1.00000E+002
  102  3 +2.66667E+002 +1.41667E+002
  103  3 +2.66667E+002 +1.83333E+002
  104  3 +2.66667E+002 +2.25000E+002
  105  3 +2.66667E+002 +2.66667E+002
  106  3 +2.66667E+002 +3.08333E+002
  107  3 +2.66667E+002 +3.50000E+002
  108  3 +2.66667E+002 +3.91667E+002
  109  3 +2.66667E+002 +4.33333E+002
  110  3 +2.66667E+002 +4.75000E+002
  111  3 +2.66667E+002 +5.16667E+002
  112  3 +2.66667E+002 +5.58333E+002
  113  3 +2.66667E+002 +6.00000E+002
  114  3 +2.66667E+002 +6.41667E+002
  115  3 +2.66667E+002 +6.83333E+002
  116  3 +2.66667E+002 +7.25000E+002
  117  3 +2.66667E+002 +7.66667E+002
  118  3 +2.66667E+002 +8.08333E+002
  119  3 +2.66667E+002 +8.50000E+002
  120  3 +2.66667E+002 +8.91667E+002
  121  3 +2.66667E+002 +9.33333E+002
  122  3 +2.66667E+002 +9.75000E+002
  123  3 +2.66667E+002 +1.01667E+003
  124  3 +2.66667E+002 +1.05833E+003
  125  3 +2.66667E+002 +1.10000E+003
  126  3 +3.08333E+002 +1.00000E+002
  127  3 +3.08333E+002 +1.41667E+002
  128  3 +3.08333E+002 +1.83333E+002
  129  3 +3.08333E+002 +2.25000E+002
  130  3 +3.08333E+002 +2.66667E+002
  131  3 +3.08333E+002 +3.08333E+002
  132  3 +3.08333E+002 +3.50000E+002
  133  3 +3.08333E+002 +3.91667E+002
  134  3 +3.08333E+002 +4.33333E+002
  135  3 +3.08333E+002 +4.75000E+002
  136  3 +3.08333E+002 +5.16667E+002
  137  3 +3.08333E+002 +5.58333E+002
  138  3 +3.08333E+002 +6.00000E+002
  139  3 +3.08333E+002 +6.41667E+002
  140  3 +3.08333E+002 +6.83333E+002
  141  3 +3.08333E+002 +7.25000E+002
  142  3 +3.08333E+002 +7.66667E+002
  143  3 +3.08333E+002 +8.08333E+002
  144  3 +3.08333E+002 +8.50000E+002
  145  3 +3.08333E+002 +8.91667E+002
  146  3 +3.08333E+002 +9.33333E+002
  147  3 +3.08333E+002 +9.75000E+002
  148  3 +3.08333E+002 +1.01667E+003
  149  3 +3.08333E+002 +1.05833E+003
  150  3 +3.08333E+002 +1.10000E+003
  151  3 +3.50000E+002 +1.00000E+002
  152  3 +3.50000E+002 +1.41667E+002
  153  3 +3.50000E+002 +1.83333E+002
  154  3 +3.50000E+002 +2.25000E+002
  155  3 +3.50000E+002 +2.66667E+002
  156  3 +3.50000E+002 +3.08333E+002
  157  3 +3.50000E+002 +3.50000E+002
  158  3 +3.50000E+002 +3.91667E+002
  159  3 +3.50000E+002 +4.33333E+002
  160  3 +3.50000E+002 +4.75000E+002
  161  3 +3.50000E+002 +5.16667E+002
  162  3 +3.50000E+002 +5.58333E+002
  163  3 +3.50000E+002 +6.00000E+002
  164  3 +3.50000E+002 +6.41667E+002
  165  3 +3.50000E+002 +6.83333E+002
  166  3 +3.50000E+002 +7.25000E+002
  167  3 +3.50000E+002 +7.66667E+002
  168  3 +3.50000E+002 +8.08333E+002
  169  3 +3.50000E+002 +8.50000E+002
  170  3 +3.50000E+002 +8.91667E+002
  171  3 +3.50000E+002 +9.33333E+002
  172  3 +3.50000E+002 +9.75000E+002
  173  3 +3.50000E+002 +1.01667E+003
  174  3 +3.50000E+002 +1.05833E+003
  175  3 +3.50000E+002 +1.10000E+003
  176  3 +3.91667E+002 +1.00000E+002
  177  3 +3.91667E+002 +1.41667E+002
  178  3 +3.91667E+002 +1.83333E+002
  179  3 +3.91667E+002 +2.25000E+002
  180  3 +3.91667E+002 +2.66667E+002
  181  3 +3.91667E+002 +3.08333E+002
  182  3 +3.91667E+002 +3.50000E+002
  183  3 +3.91667E+002 +3.91667E+002
  184  3 +3.91667E+002 +4.33333E+002
  185  3 +3.91667E+002 +4.75000E+002
  186  3 +3.91667E+002 +5.16667E+002
  187  3 +3.91667E+002 +5.58333E+002
  188  3 +3.91667E+002 +6.00000E+002
  189  3 +3.91667E+002 +6.41667E+002
  190  3 +3.91667E+002 +6.83333E+002
  191  3 +3.91667E+002 +7.25000E+002
  192  3 +3.91667E+002 +7.66667E+002
  193  3 +3.91667E+002 +8.08333E+002
  194  3 +3.91667E+002 +8.50000E+002
  195  3 +3.91667E+002 +8.91667E+002
  196  3 +3.91667E+002 +9.33333E+002
  197  3 +3.91667E+002 +9.75000E+002
  198  3 +3.91667E+002 +1.01667E+003
  199  3 +3.91667E+002 +1.05833E+003
  200  3 +3.91667E+002 +1.10000E+003
  201  3 +4.33333E+002 +1.00000E+002
  202  3 +4.33333E+002 +1.41667E+002
  203  3 +4.33333E+002 +1.83333E+002
  204  3 +4.33333E+002 +2.25000E+002
  205  3 +4.33333E+002 +2.66667E+002
  206  3 +4.33333E+002 +3.08333E+002
  207  3 +4.33333E+002 +3.50000E+002
  208  3 +4.33333E+002 +3.91667E+002
  209  3 +4.33333E+002 +4.33333E+002
  210  3 +4.33333E+002 +4.75000E+002
  211  3 +4.33333E+002 +5.16667E+002
  212  3 +4.33333E+002 +5.58333E+002
  213  3 +4.33333E+002 +6.00000E+002
  214  3 +4.33333E+002 +6.41667E+002
  215  3 +4.33333E+002 +6.83333E+002
  216  3 +4.33333E+002 +7.25000E+002
  217  3 +4.33333E+002 +7.66667E+002
  218  3 +4.33333E+002 +8.08333E+002
  219  3 +4.33333E+002 +8.50000E+002
  220  3 +4.33333E+002 +8.91667E+002
  221  3 +4.33333E+002 +9.33333E+002
  222  3 +4.33333E+002 +9.75000E+002
  223  3 +4.33333E+002 +1.01667E+003
  224  3 +4.33333E+002 +1.05833E+003
  225  3 +4.33333E+002 +1.10000E+003
  226  3 +4.75000E+002 +1.00000E+002
  227  3 +4.75000E+002 +1.41667E+002
  228  3 +4.75000E+002 +1.83333E+002
  229  3 +4.75000E+002 +2.25000E+002
  230  3 +4.75000E+002 +2.66667E+002
  231  3 +4.75000E+002 +3.08333E+002
  232  3 +4.75000E+002 +3.50000E+002
  233  3 +4.75000E+002 +3.91667E+002
  234  3 +4.75000E+002 +4.33333E+002
  235  3 +4.75000E+002 +4.75000E+002
  236  3 +4.75000E+002 +5.16667E+002
  237  3 +4.75000E+002 +5.58333E+002
  238  3 +4.75000E+002 +6.00000E+002
  239  3 +4.75000E+002 +6.41667E+002
  240  3 +4.75000E+002 +6.83333E+002
  241  3 +4.75000E+002 +7.25000E+002
  242  3 +4.75000E+002 +7.66667E+002
  243  3 +4.75000E+002 +8.08333E+002
  244  3 +4.75000E+002 +8.50000E+002
  245  3 +4.75000E+002 +8.91667E+002
  246  3 +4.75000E+002 +9.33333E+002
  247  3 +4.75000E+002 +9.75000E+002
  248  3 +4.75000E+002 +1.01667E+003
  249  3 +4.75000E+002 +1.05833E+003
  250  3 +4.75000E+002 +1.10000E+003
  251  3 +5.16667E+002 +1.00000E+002
  252  3 +5.16667E+002 +1.41667E+002
  253  3 +5.16667E+002 +1.83333E+002
  254  3 +5.16667E+002 +2.25000E+002
  255  3 +5.16667E+002 +2.66667E+002
  256  3 +5.16667E+002 +3.08333E+002
  257  3 +5.16667E+002 +3.50000E+002
  258  3 +5.16667E+002 +3.91667E+002
  259  3 +5.16667E+002 +4.33333E+002
  260  3 +5.16667E+002 +4.75000E+002
  261  3 +5.16667E+002 +5.16667E+002
  262  3 +5.16667E+002 +5.58333E+002
  263  3 +5.16667E+002 +6.00000E+002
  264  3 +5.16667E+002 +6.41667E+002
  265  3 +5.16667E+002 +6.83333E+002
  266  3 +5.16667E+002 +7.25000E+002
  267  3 +5.16667E+002 +7.66667E+002
  268  3 +5.16667E+002 +8.08333E+002
  269  3 +5.16667E+002 +8.50000E+002
  270  3 +5.16667E+002 +8.91667E+002
  271  3 +5.16667E+002 +9.33333E+002
  272  3 +5.16667E+002 +9.75000E+002
  273  3 +5.16667E+002 +1.01667E+003
  274  3 +5.16667E+002 +1.05833E+003
  275  3 +5.16667E+002 +1.10000E+003
  276  3 +5.58333E+002 +1.00000E+002
  277  3 +5.58333E+002 +1.41667E+002
  278  3 +5.58333E+002 +1.83333E+002
  279  3 +5.58333E+002 +2.25000E+002
  280  3 +5.58333E+002 +2.66667E+002
  281  3 +5.58333E+002 +3.08333E+002
  282  3 +5.58333E+002 +3.50000E+002
  283  3 +5.58333E+002 +3.91667E+002
  284  3 +5.58333E+002 +4.33333E+002
  285  3 +5.58333E+002 +4.75000E+002
  286  3 +5.58333E+002 +5.16667E+002
  287  3 +5.58333E+002 +5.58333E+002
  288  3 +5.58333E+002 +6.00000E+002
  289  3 +5.58333E+002 +6.41667E+002
  290  3 +5.58333E+002 +6.83333E+002
  291  3 +5.58333E+002 +7.25000E+002
  292  3 +5.58333E+002 +7.66667E+002
  293  3 +5.58333E+002 +8.08333E+002
  294  3 +5.58333E+002 +8.50000E+002
  295  3 +5.58333E+002 +8.91667E+002
  296  3 +5.58333E+002 +9.33333E+002
  297  3 +5.58333E+002 +9.75000E+002
  298  3 +5.58333E+002 +1.01667E+003
  299  3 +5.58333E+002 +1.05833E+003
  300  3 +5.58333E+002 +1.10000E+003
  301  3 +6.00000E+002 +1.00000E+002
  302  3 +6.00000E+002 +1.41667E+002
  303  3 +6.00000E+002 +1.83333E+002
  304  3 +6.00000E+002 +2.25000E+002
  305  3 +6.00000E+002 +2.66667E+002
  306  3 +6.00000E+002 +3.08333E+002
  307  3 +6.00000E+002 +3.50000E+002
  308  3 +6.00000E+002 +3.91667E+002
  309  3 +6.00000E+002 +4.33333E+002
  310  3 +6.00000E+002 +4.75000E+002
  311  3 +6.00000E+002 +5.16667E+002
  312  3 +6.00000E+002 +5.58333E+002
  313  3 +6.00000E+002 +6.00000E+002
  314  3 +6.00000E+002 +6.41667E+002
  315  3 +6.00000E+002 +6.83333E+002
  316  3 +6.00000E+002 +7.25000E+002
  317  3 +6.00000E+002 +7.66667E+002
  318  3 +6.00000E+002 +8.08333E+002
  319  3 +6.00000E+002 +8.50000E+002
  320  3 +6.00000E+002 +8.91667E+002
  321  3 +6.00000E+002 +9.33333E+002
  322  3 +6.00000E+002 +9.75000E+002
  323  3 +6.00000E+002 +1.01667E+003
  324  3 +6.00000E+002 +1.05833E+003
  325  3 +6.00000E+002 +1.10000E+003
  326  3 +6.41667E+002 +1.00000E+002
  327  3 +6.41667E+002 +1.41667E+002
  328  3 +6.41667E+002 +1.83333E+002
  329  3 +6.41667E+002 +2.25000E+002
  330  3 +6.41667E+002 +2.66667E+002
  331  3 +6.41667E+002 +3.08333E+002
  332  3 +6.41667E+002 +3.50000E+002
  333  3 +6.41667E+002 +3.91667E+002
  334  3 +6.41667E+002 +4.33333E+002
  335  3 +6.41667E+002 +4.75000E+002
  336  3 +6.41667E+002 +5.16667E+002
  337  3 +6.41667E+002 +5.58333E+002
  338  3 +6.41667E+002 +6.00000E+002
  339  3 +6.41667E+002 +6.41667E+002
  340  3 +6.41667E+002 +6.83333E+002
  341  3 +6.41667E+002 +7.25000E+002
  342  3 +6.41667E+002 +7.66667E+002
  343  3 +6.41667E+002 +8.08333E+002
  344  3 +6.41667E+002 +8.50000E+002
  345  3 +6.41667E+002 +8.91667E+002
  346  3 +6.41667E+002 +9.33333E+002
  347  3 +6.41667E+002 +9.75000E+002
  348  3 +6.41667E+002 +1.01667E+003
  349  3 +6.41667E+002 +1.05833E+003
  350  3 +6.41667E+002 +1.10000E+003
  351  3 +6.83333E+002 +1.00000E+002
  352  3 +6.83333E+002 +1.41667E+002
  353  3 +6.83333E+002 +1.83333E+002
  354  3 +6.83333E+002 +2.25000E+002
  355  3 +6.83333E+002 +2.66667E+002
  356  3 +6.83333E+002 +3.08333E+002
  357  3 +6.83333E+002 +3.50000E+002
  358  3 +6.83333E+002 +3.91667E+002
  359  3 +6.83333E+002 +4.33333E+002
  360  3 +6.83333E+002 +4.75000E+002
  361  3 +6.83333E+002 +5.16667E+002
  362  3 +6.83333E+002 +5.58333E+002
  363  3 +6.83333E+002 +6.00000E+002
  364  3 +6.83333E+002 +6.41667E+002
  365  3 +6.83333E+002 +6.83333E+002
  366  3 +6.83333E+002 +7.25000E+002
  367  3 +6.83333E+002 +7.66667E+002
  368  3 +6.83333E+002 +8.08333E+002
  369  3 +6.83333E+002 +8.50000E+002
  370  3 +6.83333E+002 +8.91667E+002
  371  3 +6.83333E+002 +9.33333E+002
  372  3 +6.83333E+002 +9.75000E+002
  373  3 +6.83333E+002 +1.01667E+003
  374  3 +6.83333E+002 +1.05833E+003
  375  3 +6.83333E+002 +1.10000E+003
  376  3 +7.25000E+002 +1.00000E+002
  377  3 +7.25000E+002 +1.41667E+002
  378  3 +7.25000E+002 +1.83333E+002
  379  3 +7.25000E+002 +2.25000E+002
  380  3 +7.25000E+002 +2.66667E+002
  381  3 +7.25000E+002 +3.08333E+002
  382  3 +7.25000E+002 +3.50000E+002
  383  3 +7.25000E+002 +3.91667E+002
  384  3 +7.25000E+002 +4.33333E+002
  385  3 +7.25000E+002 +4.75000E+002
  386  3 +7.25000E+002 +5.16667E+002
  387  3 +7.25000E+002 +5.58333E+002
  388  3 +7.25000E+002 +6.00000E+002
  389  3 +7.25000E+002 +6.41667E+002
  390  3 +7.25000E+002 +6.83333E+002
  391  3 +7.25000E+002 +7.25000E+002
  392  3 +7.25000E+002 +7.66667E+002
  393  3 +7.25000E+002 +8.08333E+002
  394  3 +7.25000E+002 +8.50000E+002
  395  3 +7.25000E+002 +8.91667E+002
  396  3 +7.25000E+002 +9.33333E+002
  397  3 +7.25000E+002 +9.75000E+002
  398  3 +7.25000E+002 +1.01667E+003
  399  3 +7.25000E+002 +1.05833E+003
  400  3 +7.25000E+002 +1.10000E+003
  401  3 +7.66667E+002 +1.00000E+002
  402  3 +7.66667E+002 +1.41667E+002
  403  3 +7.66667E+002 +1.83333E+002
  404  3 +7.66667E+002 +2.25000E+002
  405  3 +7.66667E+002 +2.66667E+002
  406  3 +7.66667E+002 +3.08333E+002
  407  3 +7.66667E+002 +3.50000E+002
  408  3 +7.66667E+002 +3.91667E+002
  409  3 +7.66667E+002 +4.33333E+002
  410  3 +7.66667E+002 +4.75000E+002
  411  3 +7.66667E+002 +5.16667E+002
  412  3 +7.66667E+002 +5.58333E+002
  413  3 +7.66667E+002 +6.00000E+002
  414  3 +7.66667E+002 +6.41667E+002
  415  3 +7.66667E+002 +6.83333E+002
  416  3 +7.66667E+002 +7.25000E+002
  417  3 +7.66667E+002 +7.66667E+002
  418  3 +7.66667E+002 +8.08333E+002
  419  3 +7.66667E+002 +8.50000E+002
  420  3 +7.66667E+002 +8.91667E+002
  421  3 +7.66667E+002 +9.33333E+002
  422  3 +7.66667E+002 +9.75000E+002
  423  3 +7.66667E+002 +1.01667E+003
  424  3 +7.66667E+002 +1.05833E+003
  425  3 +7.66667E+002 +1.10000E+003
  426  3 +8.08333E+002 +1.00000E+002
  427  3 +8.08333E+002 +1.41667E+002
  428  3 +8.08333E+002 +1.83333E+002
  429  3 +8.08333E+002 +2.25000E+002
  430  3 +8.08333E+002 +2.66667E+002
  431  3 +8.08333E+002 +3.08333E+002
  432  3 +8.08333E+002 +3.50000E+002
  433  3 +8.08333E+002 +3.91667E+002
  434  3 +8.08333E+002 +4.33333E+002
  435  3 +8.08333E+002 +4.75000E+002
  436  3 +8.08333E+002 +5.16667E+002
  437  3 +8.08333E+002 +5.58333E+002
  438  3 +8.08333E+002 +6.00000E+002
  439  3 +8.08333E+002 +6.41667E+002
  440  3 +8.08333E+002 +6.83333E+002
  441  3 +8.08333E+002 +7.25000E+002
  442  3 +8.08333E+002 +7.66667E+002
  443  3 +8.08333E+002 +8.08333E+002
  444  3 +8.08333E+002 +8.50000E+002
  445  3 +8.08333E+002 +8.91667E+002
  446  3 +8.08333E+002 +9.33333E+002
  447  3 +8.08333E+002 +9.75000E+002
  448  3 +8.08333E+002 +1.01667E+003
  449  3 +8.08333E+002 +1.05833E+003
  450  3 +8.08333E+002 +1.10000E+003
  451  3 +8.50000E+002 +1.00000E+002
  452  3 +8.50000E+002 +1.41667E+002
  453  3 +8.50000E+002 +1.83333E+002
  454  3 +8.50000E+002 +2.25000E+002
  455  3 +8.50000E+002 +2.66667E+002
  456  3 +8.50000E+002 +3.08333E+002
  457  3 +8.50000E+002 +3.50000E+002
  458  3 +8.50000E+002 +3.91667E+002
  459  3 +8.50000E+002 +4.33333E+002
  460  3 +8.50000E+002 +4.75000E+002
  461  3 +8.50000E+002 +5.16667E+002
  462  3 +8.50000E+002 +5.58333E+002
  463  3 +8.50000E+002 +6.00000E+002
  464  3 +8.50000E+002 +6.41667E+002
  465  3 +8.50000E+002 +6.83333E+002
  466  3 +8.50000E+002 +7.25000E+002
  467  3 +8.50000E+002 +7.66667E+002
  468  3 +8.50000E+002 +8.08333E+002
  469  3 +8.50000E+002 +8.50000E+002
  470  3 +8.50000E+002 +8.91667E+002
  471  3 +8.50000E+002 +9.33333E+002
  472  3 +8.50000E+002 +9.75000E+002
  473  3 +8.50000E+002 +1.01667E+003
  474  3 +8.50000E+002 +1.05833E+003
  475  3 +8.50000E+002 +1.10000E+003
  476  3 +8.91667E+002 +1.00000E+002
  477  3 +8.91667E+002 +1.41667E+002
  478  3 +8.91667E+002 +1.83333E+002
  479  3 +8.91667E+002 +2.25000E+002
  480  3 +8.91667E+002 +2.66667E+002
  481  3 +8.91667E+002 +3.08333E+002
  482  3 +8.91667E+002 +3.50000E+002
  483  3 +8.91667E+002 +3.91667E+002
  484  3 +8.91667E+002 +4.33333E+002
  485  3 +8.91667E+002 +4.75000E+002
  486  3 +8.91667E+002 +5.16667E+002
  487  3 +8.91667E+002 +5.58333E+002
  488  3 +8.91667E+002 +6.00000E+002
  489  3 +8.91667E+002 +6.41667E+002
  490  3 +8.91667E+002 +6.83333E+002
  491  3 +8.91667E+002 +7.25000E+002
  492  3 +8.91667E+002 +7.66667E+002
  493  3 +8.91667E+002 +8.08333E+002
  494  3 +8.91667E+002 +8.50000E+002
  495  3 +8.91667E+002 +8.91667E+002
  496  3 +8.91667E+002 +9.33333E+002
  497  3 +8.91667E+002 +9.75000E+002
  498  3 +8.91667E+002 +1.01667E+003
  499  3 +8.91667E+002 +1.05833E+003
  500  3 +8.91667E+002 +1.10000E+003
  501  3 +9.33333E+002 +1.00000E+002
  502  3 +9.33333E+002 +1.41667E+002
  503  3 +9.33333E+002 +1.83333E+002
  504  3 +9.33333E+002 +2.25000E+002
  505  3 +9.33333E+002 +2.66667E+002
  506  3 +9.33333E+002 +3.08333E+002
  507  3 +9.33333E+002 +3.50000E+002
  508  3 +9.33333E+002 +3.91667E+002
  509  3 +9.33333E+002 +4.33333E+002
  510  3 +9.33333E+002 +4.75000E+002
  511  3 +9.33333E+002 +5.16667E+002
  512  3 +9.33333E+002 +5.58333E+002
  513  3 +9.33333E+002 +6.00000E+002
  514  3 +9.33333E+002 +6.41667E+002
  515  3 +9.33333E+002 +6.83333E+002
  516  3 +9.33333E+002 +7.25000E+002
  517  3 +9.33333E+002 +7.66667E+002
  518  3 +9.33333E+002 +8.08333E+002
  519  3 +9.33333E+002 +8.50000E+002
  520  3 +9.33333E+002 +8.91667E+002
  521  3 +9.33333E+002 +9.33333E+002
  522  3 +9.33333E+002 +9.75000E+002
  523  3 +9.33333E+002 +1.01667E+003
  524  3 +9.33333E+002 +1.05833E+003
  525  3 +9.33333E+002 +1.10000E+003
  526  3 +9.75000E+002 +1.00000E+002
  527  3 +9.75000E+002 +1.41667E+002
  528  3 +9.75000E+002 +1.83333E+002
  529  3 +9.75000E+002 +2.25000E+002
  530  3 +9.75000E+002 +2.66667E+002
  531  3 +9.75000E+002 +3.08333E+002
  532  3 +9.75000E+002 +3.50000E+002
  533  3 +9.75000E+002 +3.91667E+002
  534  3 +9.75000E+002 +4.33333E+002
  535  3 +9.75000E+002 +4.75000E+002
  536  3 +9.75000E+002 +5.16667E+002
  537  3 +9.75000E+002 +5.58333E+002
  538  3 +9.75000E+002 +6.00000E+002
  539  3 +9.75000E+002 +6.41667E+002
  540  3 +9.75000E+002 +6.83333E+002
  541  3 +9.75000E+002 +7.25000E+002
  542  3 +9.75000E+002 +7.66667E+002
  543  3 +9.75000E+002 +8.08333E+002
  544  3 +9.75000E+002 +8.50000E+002
  545  3 +9.75000E+002 +8.91667E+002
  546  3 +9.75000E+002 +9.33333E+002
  547  3 +9.75000E+002 +9.75000E+002
  548  3 +9.75000E+002 +1.01667E+003
  549  3 +9.75000E+002 +1.05833E+003
  550  3 +9.75000E+002 +1.10000E+003
  551  3 +1.01667E+003 +1.00000E+002
  552  3 +1.01667E+003 +1.41667E+002
  553  3 +1.01667E+003 +1.83333E+002
  554  3 +1.01667E+003 +2.25000E+002
  555  3 +1.01667E+003 +2.66667E+002
  556  3 +1.01667E+003 +3.08333E+002
  557  3 +1.01667E+003 +3.50000E+002
  558  3 +1.01667E+003 +3.91667E+002
  559  3 +1.01667E+003 +4.33333E+002
  560  3 +1.01667E+003 +4.75000E+002
  561  3 +1.01667E+003 +5.16667E+002
  562  3 +1.01667E+003 +5.58333E+002
  563  3 +1.01667E+003 +6.00000E+002
  564  3 +1.01667E+003 +6.41667E+002
  565  3 +1.01667E+003 +6.83333E+002
  566  3 +1.01667E+003 +7.25000E+002
  567  3 +1.01667E+003 +7.66667E+002
  568  3 +1.01667E+003 +8.08333E+002
  569  3 +1.01667E+003 +8.50000E+002
  570  3 +1.01667E+003 +8.91667E+002
  571  3 +1.01667E+003 +9.33333E+002
  572  3 +1.01667E+003 +9.75000E+002
  573  3 +1.01667E+003 +1.01667E+003
  574  3 +1.01667E+003 +1.05833E+003
  575  3 +1.01667E+003 +1.10000E+003
  576  3 +1.05833E+003 +1.00000E+002
  577  3 +1.05833E+003 +1.41667E+002
  578  3 +1.05833E+003 +1.83333E+002
  579  3 +1.05833E+003 +2.25000E+002
  580  3 +1.05833E+003 +2.66667E+002
  581  3 +1.05833E+003 +3.08333E+002
  582  3 +1.05833E+003 +3.50000E+002
  583  3 +1.05833E+003 +3.91667E+002
  584  3 +1.05833E+003 +4.33333E+002
  585  3 +1.05833E+003 +4.75000E+002
  586  3 +1.05833E+003 +5.16667E+002
  587  3 +1.05833E+003 +5.58333E+002
  588  3 +1.05833E+003 +6.00000E+002
  589  3 +1.05833E+003 +6.41667E+002
  590  3 +1.05833E+003 +6.83333E+002
  591  3 +1.05833E+003 +7.25000E+002
  592  3 +1.05833E+003 +7.66667E+002
  593  3 +1.05833E+003 +8.08333E+002
  594  3 +1.05833E+003 +8.50000E+002
  595  3 +1.05833E+003 +8.91667E+002
  596  3 +1.05833E+003 +9.33333E+002
  597  3 +1.05833E+003 +9.75000E+002
  598  3 +1.05833E+003 +1.01667E+003
  599  3 +1.05833E+003 +1.05833E+003
  600  3 +1.05833E+003 +1.10000E+003
  601  3 +1.10000E+003 +1.00000E+002
  602  3 +1.10000E+003 +1.41667E+002
  603  3 +1.10000E+003 +1.83333E+002
  604  3 +1.10000E+003 +2.25000E+002
  605  3 +1.10000E+003 +2.66667E+002
  606  3 +1.10000E+003 +3.08333E+002
  607  3 +1.10000E+003 +3.50000E+002
  608  3 +1.10000E+003 +3.91667E+002
  609  3 +1.10000E+003 +4.33333E+002
  610  3 +1.10000E+003 +4.75000E+002
  611  3 +1.10000E+003 +5.16667E+002
  612  3 +1.10000E+003 +5.58333E+002
  613  3 +1.10000E+003 +6.00000E+002
  614  3 +1.10000E+003 +6.41667E+002
  615  3 +1.10000E+003 +6.83333E+002
  616  3 +1.10000E+003 +7.25000E+002
  617  3 +1.10000E+003 +7.66667E+002
  618  3 +1.10000E+003 +8.08333E+002
  619  3 +1.10000E+003 +8.50000E+002
  620  3 +1.10000E+003 +8.91667E+002
  621  3 +1.10000E+003 +9.33333E+002
  622  3 +1.10000E+003 +9.75000E+002
  623  3 +1.10000E+003 +1.01667E+003
  624  3 +1.10000E+003 +1.05833E+003
  625  3 +1.10000E+003 +1.10000E+003
    1    19
    1     2     3     4    26    27    28    29    51    52    53    54    76    77    78    79
    2    19
    4     5     6     7    29    30    31    32    54    55    56    57    79    80    81    82
    3    19
    7     8     9    10    32    33    34    35    57    58    59    60    82    83    84    85
    4    19
   10    11    12    13    35    36    37    38    60    61    62    63    85    86    87    88
    5    19
   13    14    15    16    38    39    40    41    63    64    65    66    88    89    90    91
    6    19
   16    17    18    19    41    42    43    44    66    67    68    69    91    92    93    94
    7    19
   19    20    21    22    44    45    46    47    69    70    71    72    94    95    96    97
    8    19
   22    23    24    25    47    48    49    50    72    73    74    75    97    98    99   100
    9    19
   76    77    78    79   101   102   103   104   126   127   128   129   151   152   153   154
   10    19
   79    80    81    82   104   105   106   107   129   130   131   132   154   155   156   157
   11    19
   82    83    84    85   107   108   109   110   132   133   134   135   157   158   159   160
   12    19
   85    86    87    88   110   111   112   113   135   136   137   138   160   161   162   163
   13    19
   88    89    90    91   113   114   115   116   138   139   140   141   163   164   165   166
   14    19
   91    92    93    94   116   117   118   119   141   142   143   144   166   167   168   169
   15    19
   94    95    96    97   119   120   121   122   144   145   146   147   169   170   171   172
   16    19
   97    98    99   100   122   123   124   125   147   148   149   150   172   173   174   175
   17    19
  151   152   153   154   176   177   178   179   201   202   203   204   226   227   228   229
   18    19
  154   155   156   157   179   180   181   182   204   205   206   207   229   230   231   232
   19    19
  157   158   159   160   182   183   184   185   207   208   209   210   232   233   234   235
   20    19
  160   161   162   163   185   186   187   188   210   211   212   213   235   236   237   238
   21    19
  163   164   165   166   188   189   190   191   213   214   215   216   238   239   240   241
   22    19
  166   167   168   169   191   192   193   194   216   217   218   219   241   242   243   244
   23    19
  169   170   171   172   194   195   196   197   219   220   221   222   244   245   246   247
   24    19
  172   173   174   175   197   198   199   200   222   223   224   225   247   248   249   250
   25    19
  226   227   228   229   251   252   253   254   276   277   278   279   301   302   303   304
   26    19
  229   230   231   232   254   255   256   257   279   280   281   282   304   305   306   307
   27    19
  232   233   234   235   257   258   259   260   282   283   284   285   307   308   309   310
   28    19
  235   236   237   238   260   261   262   263   285   286   287   288   310   311   312   313
   29    19
  238   239   240   241   263   264   265   266   288   289   290   291   313   314   315   316
   30    19
  241   242   243   244   266   267   268   269   291   292   293   294   316   317   318   319
   31    19
  244   245   246   247   269   270   271   272   294   295   296   297   319   320   321   322
   32    19
  247   248   249   250   272   273   274   275   297   298   299   300   322   323   324   325
   33    19
  301   302   303   304   326   327   328   329   351   352   353   354   376   377   378   379
   34    19
  304   305   306   307   329   330   331   332   354   355   356   357   379   380   381   382
   35    19
  307   308   309   310   332   333   334   335   357   358   359   360   382   383   384   385
   36    19
  310   311   312   313   335   336   337   338   360   361   362   363   385   386   387   388
   37    19
  313   314   315   316   338   339   340   341   363   364   365   366   388   389   390   391
   38    19
  316   317   318   319   341   342   343   344   366   367   368   369   391   392   393   394
   39    19
  319   320   321   322   344   345   346   347   369   370   371   372   394   395   396   397
   40    19
  322   323   324   325   347   348   349   350   372   373   374   375   397   398   399   400
   41    19
  376   377   378   379   401   402   403   404   426   427   428   429   451   452   453   454
   42    19
  379   380   381   382   404   405   406   407   429   430   431   432   454   455   456   457
   43    19
  382   383   384   385   407   408   409   410   432   433   434   435   457   458   459   460
   44    19
  385   386   387   388   410   411   412   413   435   436   437   438   460   461   462   463
   45    19
  388   389   390   391   413   414   415   416   438   439   440   441   463   464   465   466
   46    19
  391   392   393   394   416   417   418   419   441   442   443   444   466   467   468   469
   47    19
  394   395   396   397   419   420   421   422   444   445   446   447   469   470   471   472
   48    19
  397   398   399   400   422   423   424   425   447   448   449   450   472   473   474   475
   49    19
  451   452   453   454   476   477   478   479   501   502   503   504   526   527   528   529
   50    19
  454   455   456   457   479   480   481   482   504   505   506   507   529   530   531   532
   51    19
  457   458   459   460   482   483   484   485   507   508   509   510   532   533   534   535
   52    19
  460   461   462   463   485   486   487   488   510   511   512   513   535   536   537   538
   53    19
  463   464   465   466   488   489   490   491   513   514   515   516   538   539   540   541
   54    19
  466   467   468   469   491   492   493   494   516   517   518   519   541   542   543   544
   55    19
  469   470   471   472   494   495   496   497   519   520   521   522   544   545   546   547
   56    19
  472   473   474   475   497   498   499   500   522   523   524   525   547   548   549   550
   57    19
  526   527   528   529   551   552   553   554   576   577   578   579   601   602   603   604
   58    19
  529   530   531   532   554   555   556   557   579   580   581   582   604   605   606   607
   59    19
  532   533   534   535   557   558   559   560   582   583   584   585   607   608   609   610
   60    19
  535   536   537   538   560   561   562   563   585   586   587   588   610   611   612   613
   61    19
  538   539   540   541   563   564   565   566   588   589   590   591   613   614   615   616
   62    19
  541   542   543   544   566   567   568   569   591   592   593   594   616   617   618   619
   63    19
  544   545   546   547   569   570   571   572   594   595   596   597   619   620   621   622
   64    19
  547   548   549   550   572   573   574   575   597   598   599   600   622   623   624   625
