2 8 1 24 0 0 0  Z88NI.TXT,erzeugt von Z88X V14OS
    1  3 +1.00000E+002 +1.00000E+002 +0.00000E+000
    2  3 +1.10000E+003 +1.00000E+002 +0.00000E+000
    3  3 +1.10000E+003 +1.10000E+003 +0.00000E+000
    4  3 +1.00000E+002 +1.10000E+003 +0.00000E+000
    5  3 +6.00000E+002 +1.00000E+002 +0.00000E+000
    6  3 +1.10000E+003 +6.00000E+002 +0.00000E+000
    7  3 +6.00000E+002 +1.10000E+003 +0.00000E+000
    8  3 +1.00000E+002 +6.00000E+002 +0.00000E+000
    1    20
    1     2     3     4     5     6     7     8
    1    19   Superele. Nr.1,Typ 20, --> Finites Ele. Typ 19
    8 E     8 E
