Ausgabedatei Z88O3.TXT : Spannungen, erzeugt mit Z88R V15OS
                         **********

bei isoparametrischen Elementen Berechnung der Spannungen in den Gausspunkten
3 Punkte pro Achse/Element
Berechnung der Vergleichsspannungen nach Gestaltsaenderungsenergie-Hypothese fuer Elemente 3 + 6  
sowie fuer Gausspunkte der Elemente 1,7,8,10,11,12,14 bis 24

Element # = 1     Typ = 8-K Scheibe
 XX         YY         SIGXX       SIGYY       TAUXY       SIGV
  +2.69E+01  +3.32E+01  -7.495E+01  -3.769E+01  +1.169E+02  +2.127E+02
  +2.72E+01  +3.20E+01  -1.515E+02  -2.740E+01  +1.169E+02  +2.460E+02
  +2.75E+01  +3.06E+01  -2.472E+02  -2.493E+01  +1.142E+02  +3.077E+02
  +2.41E+01  +3.38E+01  -5.860E+01  -6.555E+01  +7.997E+01  +1.519E+02
  +2.45E+01  +3.27E+01  -1.091E+02  -4.583E+01  +7.451E+01  +1.602E+02
  +2.50E+01  +3.15E+01  -1.800E+02  -3.477E+01  +6.579E+01  +2.008E+02
  +2.14E+01  +3.44E+01  -1.795E+01  -8.452E+01  +7.411E+01  +1.498E+02
  +2.20E+01  +3.34E+01  -3.266E+01  -5.191E+01  +6.528E+01  +1.219E+02
  +2.25E+01  +3.23E+01  -6.647E+01  -2.822E+01  +5.294E+01  +1.084E+02

Element # = 2     Typ = 8-K Scheibe
 XX         YY         SIGXX       SIGYY       TAUXY       SIGV
  +2.61E+01  +3.64E+01  +6.981E+01  -3.221E+01  +1.092E+02  +2.096E+02
  +2.64E+01  +3.52E+01  +1.979E+01  -3.321E+01  +1.152E+02  +2.048E+02
  +2.67E+01  +3.40E+01  -3.718E+01  -3.905E+01  +1.174E+02  +2.069E+02
  +2.31E+01  +3.67E+01  +3.075E+01  -9.667E+01  +5.683E+01  +1.515E+02
  +2.34E+01  +3.56E+01  -1.630E+00  -9.300E+01  +6.933E+01  +1.514E+02
  +2.38E+01  +3.45E+01  -4.057E+01  -9.372E+01  +7.828E+01  +1.581E+02
  +2.01E+01  +3.70E+01  +1.649E+01  -9.520E+01  +2.305E+01  +1.118E+02
  +2.06E+01  +3.60E+01  +6.689E+00  -8.142E+01  +4.470E+01  +1.150E+02
  +2.11E+01  +3.50E+01  -7.800E+00  -7.000E+01  +6.377E+01  +1.289E+02

Element # = 3     Typ = 8-K Scheibe
 XX         YY         SIGXX       SIGYY       TAUXY       SIGV
  +2.55E+01  +3.92E+01  +1.308E+02  -3.822E+01  +5.939E+01  +1.848E+02
  +2.57E+01  +3.81E+01  +1.257E+02  -2.773E+01  +8.320E+01  +2.021E+02
  +2.60E+01  +3.70E+01  +9.539E+01  -3.005E+01  +9.741E+01  +2.033E+02
  +2.22E+01  +3.93E+01  +1.874E+01  -1.543E+02  +4.345E+00  +1.647E+02
  +2.25E+01  +3.83E+01  +3.683E+01  -1.517E+02  +2.541E+01  +1.786E+02
  +2.28E+01  +3.73E+01  +2.597E+01  -1.603E+02  +3.838E+01  +1.870E+02
  +1.89E+01  +3.93E+01  -2.355E+01  -3.463E+01  -1.124E+01  +3.629E+01
  +1.93E+01  +3.84E+01  +2.291E+01  -3.403E+01  +4.095E+00  +5.013E+01
  +1.98E+01  +3.75E+01  +3.772E+01  -3.942E+01  +1.425E+01  +7.123E+01

Element # = 4     Typ = 8-K Scheibe
 XX         YY         SIGXX       SIGYY       TAUXY       SIGV
  +3.45E+01  +3.15E+01  -1.512E+02  -2.624E+01  +7.918E+01  +1.960E+02
  +3.46E+01  +2.99E+01  -2.515E+02  -2.948E+01  +1.109E+02  +3.059E+02
  +3.47E+01  +2.83E+01  -3.727E+02  -4.031E+01  +1.401E+02  +4.294E+02
  +3.15E+01  +3.22E+01  -1.348E+02  -4.054E+01  +8.483E+01  +1.896E+02
  +3.17E+01  +3.07E+01  -2.305E+02  -4.153E+01  +1.025E+02  +2.771E+02
  +3.19E+01  +2.92E+01  -3.523E+02  -5.201E+01  +1.171E+02  +3.869E+02
  +2.85E+01  +3.29E+01  -1.044E+02  -4.489E+01  +1.061E+02  +2.049E+02
  +2.88E+01  +3.15E+01  -1.933E+02  -4.195E+01  +1.087E+02  +2.578E+02
  +2.91E+01  +3.01E+01  -3.145E+02  -5.076E+01  +1.074E+02  +3.466E+02

Element # = 5     Typ = 8-K Scheibe
 XX         YY         SIGXX       SIGYY       TAUXY       SIGV
  +3.43E+01  +3.54E+01  +1.161E+02  -1.609E+01  +3.777E+01  +1.410E+02
  +3.44E+01  +3.39E+01  +1.950E+01  -1.563E+01  +5.939E+01  +1.073E+02
  +3.45E+01  +3.24E+01  -8.427E+01  -1.885E+01  +7.853E+01  +1.561E+02
  +3.11E+01  +3.58E+01  +8.912E+01  -2.401E+01  +5.227E+01  +1.373E+02
  +3.12E+01  +3.44E+01  +1.010E+01  -2.337E+01  +6.876E+01  +1.228E+02
  +3.14E+01  +3.30E+01  -7.719E+01  -2.698E+01  +8.225E+01  +1.578E+02
  +2.79E+01  +3.62E+01  +6.875E+01  -2.733E+01  +8.367E+01  +1.684E+02
  +2.81E+01  +3.49E+01  +1.024E+01  -2.579E+01  +9.577E+01  +1.690E+02
  +2.84E+01  +3.36E+01  -5.714E+01  -2.907E+01  +1.044E+02  +1.874E+02

Element # = 6     Typ = 8-K Scheibe
 XX         YY         SIGXX       SIGYY       TAUXY       SIGV
  +3.41E+01  +3.91E+01  +3.708E+02  +1.421E+01  -6.107E+00  +3.641E+02
  +3.42E+01  +3.77E+01  +2.710E+02  +4.079E+00  +1.849E+01  +2.709E+02
  +3.42E+01  +3.63E+01  +1.767E+02  -5.429E+00  +4.148E+01  +1.933E+02
  +3.07E+01  +3.92E+01  +3.192E+02  -1.239E+00  -7.021E+00  +3.200E+02
  +3.09E+01  +3.79E+01  +2.276E+02  -7.095E+00  +2.488E+01  +2.352E+02
  +3.10E+01  +3.66E+01  +1.421E+02  -1.232E+01  +5.470E+01  +1.763E+02
  +2.74E+01  +3.92E+01  +2.738E+02  +3.554E+00  -9.142E+00  +2.725E+02
  +2.76E+01  +3.81E+01  +1.912E+02  +3.959E+00  +3.263E+01  +1.975E+02
  +2.78E+01  +3.69E+01  +1.158E+02  +5.150E+00  +7.184E+01  +1.683E+02

Element # = 7     Typ = 8-K Scheibe
 XX         YY         SIGXX       SIGYY       TAUXY       SIGV
  +4.29E+01  +2.96E+01  -2.002E+02  +5.879E+01  +2.803E+01  +2.402E+02
  +4.28E+01  +2.77E+01  -2.618E+02  +2.552E+01  +3.209E+01  +2.810E+02
  +4.28E+01  +2.57E+01  -3.073E+02  -2.487E+00  +3.845E+01  +3.132E+02
  +3.95E+01  +3.03E+01  -1.712E+02  +2.924E+01  +6.344E+01  +2.174E+02
  +3.96E+01  +2.86E+01  -2.619E+02  +2.723E+00  +7.757E+01  +2.956E+02
  +3.96E+01  +2.68E+01  -3.354E+02  -1.860E+01  +9.415E+01  +3.649E+02
  +3.63E+01  +3.11E+01  -1.594E+02  -1.178E+01  +7.249E+01  +1.986E+02
  +3.64E+01  +2.94E+01  -2.835E+02  -2.933E+01  +9.916E+01  +3.200E+02
  +3.65E+01  +2.77E+01  -3.898E+02  -4.203E+01  +1.284E+02  +4.322E+02

Element # = 8     Typ = 8-K Scheibe
 XX         YY         SIGXX       SIGYY       TAUXY       SIGV
  +4.29E+01  +3.44E+01  +5.472E+01  +1.030E+02  +4.526E+01  +1.188E+02
  +4.29E+01  +3.25E+01  -5.441E+01  +8.724E+01  +3.485E+01  +1.377E+02
  +4.29E+01  +3.07E+01  -1.546E+02  +7.345E+01  +2.496E+01  +2.062E+02
  +3.95E+01  +3.48E+01  +9.969E+01  +5.102E+01  +5.066E+01  +1.231E+02
  +3.95E+01  +3.31E+01  -1.626E+01  +3.776E+01  +4.964E+01  +9.847E+01
  +3.95E+01  +3.14E+01  -1.225E+02  +2.643E+01  +4.885E+01  +1.616E+02
  +3.62E+01  +3.52E+01  +1.479E+02  +7.436E+00  +4.673E+01  +1.655E+02
  +3.62E+01  +3.36E+01  +2.527E+01  -1.589E+00  +5.762E+01  +1.032E+02
  +3.63E+01  +3.20E+01  -8.691E+01  -8.790E+00  +6.841E+01  +1.446E+02

Element # = 9     Typ = 8-K Scheibe
 XX         YY         SIGXX       SIGYY       TAUXY       SIGV
  +4.30E+01  +3.89E+01  +5.423E+02  +7.017E+01  +1.113E+02  +5.460E+02
  +4.29E+01  +3.72E+01  +3.412E+02  +9.928E+01  +8.901E+01  +3.408E+02
  +4.29E+01  +3.54E+01  +1.515E+02  +1.286E+02  +6.301E+01  +1.787E+02
  +3.95E+01  +3.90E+01  +4.445E+02  +1.353E-01  +3.167E+01  +4.478E+02
  +3.95E+01  +3.74E+01  +2.955E+02  +1.775E+01  +3.162E+01  +2.922E+02
  +3.95E+01  +3.58E+01  +1.604E+02  +3.691E+01  +2.631E+01  +1.525E+02
  +3.61E+01  +3.91E+01  +3.684E+02  -4.827E+00  -1.010E+01  +3.713E+02
  +3.61E+01  +3.76E+01  +2.759E+02  -1.993E+00  +1.574E+01  +2.783E+02
  +3.62E+01  +3.61E+01  +2.017E+02  +4.676E+00  +3.497E+01  +2.084E+02

Element # = 10     Typ = 8-K Scheibe
 XX         YY         SIGXX       SIGYY       TAUXY       SIGV
  +5.04E+01  +3.10E+01  -1.518E+02  +3.535E+01  -6.584E+01  +2.066E+02
  +5.12E+01  +2.90E+01  -2.461E+02  +2.910E+00  -8.182E+01  +2.853E+02
  +5.21E+01  +2.70E+01  -3.254E+02  -2.526E+01  -9.578E+01  +3.548E+02
  +4.77E+01  +3.02E+01  -1.663E+02  +6.370E+01  -3.721E+01  +2.155E+02
  +4.81E+01  +2.82E+01  -2.403E+02  +3.526E+01  -4.044E+01  +2.690E+02
  +4.86E+01  +2.62E+01  -3.029E+02  +9.574E+00  -4.420E+01  +3.172E+02
  +4.47E+01  +2.95E+01  -2.063E+02  +6.529E+01  -3.243E+00  +2.456E+02
  +4.48E+01  +2.75E+01  -2.601E+02  +3.404E+01  +3.023E+00  +2.787E+02
  +4.49E+01  +2.56E+01  -3.063E+02  +5.245E+00  +6.643E+00  +3.092E+02

Element # = 11     Typ = 8-K Scheibe
 XX         YY         SIGXX       SIGYY       TAUXY       SIGV
  +4.82E+01  +3.59E+01  +8.918E+01  +1.257E+02  -1.100E-02  +1.120E+02
  +4.90E+01  +3.40E+01  -1.862E+01  +8.235E+01  -3.145E+01  +1.078E+02
  +4.99E+01  +3.21E+01  -1.013E+02  +5.208E+01  -5.426E+01  +1.646E+02
  +4.64E+01  +3.51E+01  +7.621E+01  +1.369E+02  +1.237E+01  +1.207E+02
  +4.69E+01  +3.32E+01  -3.851E+01  +1.062E+02  -9.321E+00  +1.308E+02
  +4.74E+01  +3.13E+01  -1.246E+02  +8.619E+01  -2.461E+01  +1.885E+02
  +4.45E+01  +3.44E+01  +4.276E+01  +1.236E+02  +1.479E+01  +1.117E+02
  +4.46E+01  +3.25E+01  -7.762E+01  +1.012E+02  +5.313E+00  +1.556E+02
  +4.47E+01  +3.06E+01  -1.662E+02  +8.810E+01  -9.771E-01  +2.237E+02

Element # = 12     Typ = 8-K Scheibe
 XX         YY         SIGXX       SIGYY       TAUXY       SIGV
  +4.61E+01  +4.06E+01  +4.123E+02  +3.227E+02  +2.773E+02  +6.097E+02
  +4.69E+01  +3.88E+01  +2.101E+02  +1.865E+02  +1.107E+02  +2.766E+02
  +4.77E+01  +3.70E+01  +1.662E+02  +1.401E+02  +5.889E+00  +1.551E+02
  +4.52E+01  +3.98E+01  +5.681E+02  +2.948E+02  +2.693E+02  +6.781E+02
  +4.57E+01  +3.80E+01  +2.497E+02  +1.845E+02  +1.136E+02  +2.984E+02
  +4.62E+01  +3.62E+01  +1.448E+02  +1.675E+02  +2.432E+01  +1.629E+02
  +4.43E+01  +3.91E+01  +6.744E+02  +1.830E+02  +2.259E+02  +7.197E+02
  +4.44E+01  +3.73E+01  +2.527E+02  +1.266E+02  +1.010E+02  +2.802E+02
  +4.44E+01  +3.55E+01  +1.021E+02  +1.556E+02  +3.928E+01  +1.529E+02

Element # = 13     Typ = 8-K Scheibe
 XX         YY         SIGXX       SIGYY       TAUXY       SIGV
  +5.65E+01  +3.40E+01  -9.513E+01  -2.653E+01  -8.285E+01  +1.668E+02
  +5.82E+01  +3.21E+01  -1.543E+02  -5.054E+01  -1.038E+02  +2.255E+02
  +6.00E+01  +3.02E+01  -2.066E+02  -7.068E+01  -1.219E+02  +2.787E+02
  +5.43E+01  +3.27E+01  -1.104E+02  +7.352E+00  -7.605E+01  +1.744E+02
  +5.57E+01  +3.08E+01  -1.785E+02  -1.729E+01  -9.575E+01  +2.379E+02
  +5.71E+01  +2.88E+01  -2.375E+02  -3.805E+01  -1.126E+02  +2.947E+02
  +5.19E+01  +3.16E+01  -1.371E+02  +1.721E+01  -7.658E+01  +1.976E+02
  +5.29E+01  +2.96E+01  -2.149E+02  -9.995E+00  -9.387E+01  +2.657E+02
  +5.40E+01  +2.76E+01  -2.812E+02  -3.305E+01  -1.085E+02  +3.259E+02

Element # = 14     Typ = 8-K Scheibe
 XX         YY         SIGXX       SIGYY       TAUXY       SIGV
  +5.22E+01  +3.86E+01  +1.040E+02  +6.685E+01  +3.903E+00  +9.154E+01
  +5.39E+01  +3.69E+01  +2.338E+01  +2.474E+01  -3.756E+01  +6.938E+01
  +5.55E+01  +3.50E+01  -4.445E+01  -1.030E+01  -7.341E+01  +1.334E+02
  +5.08E+01  +3.75E+01  +1.004E+02  +9.447E+01  -1.033E+00  +9.758E+01
  +5.21E+01  +3.56E+01  +1.403E+01  +5.511E+01  -3.771E+01  +8.202E+01
  +5.35E+01  +3.38E+01  -5.738E+01  +2.197E+01  -6.939E+01  +1.396E+02
  +4.92E+01  +3.64E+01  +7.986E+01  +1.044E+02  -1.091E+01  +9.642E+01
  +5.02E+01  +3.46E+01  -1.230E+01  +6.485E+01  -4.169E+01  +1.018E+02
  +5.13E+01  +3.27E+01  -8.719E+01  +3.106E+01  -6.855E+01  +1.593E+02

Element # = 15     Typ = 8-K Scheibe
 XX         YY         SIGXX       SIGYY       TAUXY       SIGV
  +4.80E+01  +4.30E+01  +1.620E+02  +3.543E+02  +2.088E+02  +4.745E+02
  +4.96E+01  +4.14E+01  +1.618E+02  +2.027E+02  +1.196E+02  +2.782E+02
  +5.13E+01  +3.97E+01  +1.492E+02  +8.870E+01  +4.018E+01  +1.474E+02
  +4.74E+01  +4.20E+01  +2.306E+02  +3.497E+02  +2.466E+02  +5.266E+02
  +4.87E+01  +4.03E+01  +2.028E+02  +2.124E+02  +1.293E+02  +3.055E+02
  +5.00E+01  +3.85E+01  +1.679E+02  +1.128E+02  +2.916E+01  +1.566E+02
  +4.66E+01  +4.11E+01  +3.078E+02  +3.230E+02  +2.678E+02  +5.611E+02
  +4.76E+01  +3.93E+01  +2.395E+02  +2.036E+02  +1.239E+02  +3.100E+02
  +4.86E+01  +3.75E+01  +1.755E+02  +1.211E+02  +5.572E+00  +1.559E+02

Element # = 16     Typ = 8-K Scheibe
 XX         YY         SIGXX       SIGYY       TAUXY       SIGV
  +6.14E+01  +3.81E+01  -3.395E+01  -5.471E+01  -4.676E+01  +9.406E+01
  +6.38E+01  +3.64E+01  -1.292E+02  -7.206E+01  -8.251E+01  +1.817E+02
  +6.63E+01  +3.47E+01  -2.282E+02  -9.948E+01  -1.213E+02  +2.888E+02
  +5.96E+01  +3.64E+01  -4.447E+01  -3.637E+01  -6.425E+01  +1.186E+02
  +6.18E+01  +3.46E+01  -1.186E+02  -5.041E+01  -9.019E+01  +1.872E+02
  +6.40E+01  +3.28E+01  -1.995E+02  -7.603E+01  -1.207E+02  +2.723E+02
  +5.77E+01  +3.48E+01  -7.895E+01  -3.169E+01  -8.017E+01  +1.550E+02
  +5.96E+01  +3.30E+01  -1.316E+02  -4.726E+01  -9.831E+01  +2.057E+02
  +6.15E+01  +3.11E+01  -1.945E+02  -7.560E+01  -1.227E+02  +2.720E+02

Element # = 17     Typ = 8-K Scheibe
 XX         YY         SIGXX       SIGYY       TAUXY       SIGV
  +5.53E+01  +4.23E+01  +9.611E+01  +4.864E+01  +2.961E+01  +9.777E+01
  +5.76E+01  +4.07E+01  +4.834E+01  -1.470E+00  -5.346E+00  +4.996E+01
  +6.00E+01  +3.91E+01  +1.060E+01  -3.718E+01  -3.370E+01  +7.278E+01
  +5.42E+01  +4.08E+01  +1.015E+02  +6.003E+01  +2.342E+01  +9.725E+01
  +5.63E+01  +3.91E+01  +3.752E+01  +9.961E+00  -1.752E+01  +4.533E+01
  +5.84E+01  +3.74E+01  -1.257E+01  -2.442E+01  -5.006E+01  +8.925E+01
  +5.30E+01  +3.94E+01  +1.044E+02  +5.928E+01  +1.038E+01  +9.243E+01
  +5.48E+01  +3.76E+01  +2.161E+01  +9.673E+00  -3.534E+01  +6.402E+01
  +5.66E+01  +3.59E+01  -4.232E+01  -2.288E+01  -7.085E+01  +1.281E+02

Element # = 18     Typ = 8-K Scheibe
 XX         YY         SIGXX       SIGYY       TAUXY       SIGV
  +4.94E+01  +4.62E+01  +6.761E+01  +3.225E+02  +1.212E+02  +3.618E+02
  +5.16E+01  +4.47E+01  +9.655E+01  +1.922E+02  +9.334E+01  +2.321E+02
  +5.39E+01  +4.32E+01  +1.110E+02  +8.022E+01  +6.077E+01  +1.447E+02
  +4.89E+01  +4.49E+01  +9.860E+01  +3.412E+02  +1.549E+02  +4.055E+02
  +5.09E+01  +4.33E+01  +1.235E+02  +2.067E+02  +1.078E+02  +2.594E+02
  +5.30E+01  +4.17E+01  +1.318E+02  +9.141E+01  +5.844E+01  +1.547E+02
  +4.84E+01  +4.37E+01  +1.337E+02  +3.464E+02  +1.856E+02  +4.414E+02
  +5.02E+01  +4.21E+01  +1.490E+02  +2.074E+02  +1.168E+02  +2.743E+02
  +5.19E+01  +4.04E+01  +1.467E+02  +8.950E+01  +4.921E+01  +1.538E+02

Element # = 19     Typ = 8-K Scheibe
 XX         YY         SIGXX       SIGYY       TAUXY       SIGV
  +6.28E+01  +4.59E+01  +6.522E+01  -3.800E+01  +9.134E+00  +9.179E+01
  +6.53E+01  +4.49E+01  +2.733E+01  -7.102E+01  -1.136E+01  +9.010E+01
  +6.78E+01  +4.38E+01  +5.557E+00  -7.876E+01  -2.102E+01  +8.943E+01
  +6.24E+01  +4.28E+01  +4.254E+01  -4.523E+01  -9.149E+00  +7.766E+01
  +6.49E+01  +4.14E+01  -1.011E+01  -6.536E+01  -3.011E+01  +8.021E+01
  +6.74E+01  +4.01E+01  -4.612E+01  -6.328E+01  -4.087E+01  +9.068E+01
  +6.20E+01  +3.96E+01  -1.156E+01  -6.014E+01  -3.280E+01  +7.926E+01
  +6.45E+01  +3.80E+01  -7.465E+01  -6.630E+01  -5.293E+01  +1.159E+02
  +6.70E+01  +3.64E+01  -1.214E+02  -5.379E+01  -6.383E+01  +1.527E+02

Element # = 20     Typ = 8-K Scheibe
 XX         YY         SIGXX       SIGYY       TAUXY       SIGV
  +5.65E+01  +4.85E+01  +8.502E+01  +7.969E+01  +5.029E+01  +1.200E+02
  +5.89E+01  +4.75E+01  +7.564E+01  +2.210E+01  +3.168E+01  +8.689E+01
  +6.14E+01  +4.65E+01  +7.602E+01  -1.547E+01  +1.982E+01  +9.150E+01
  +5.61E+01  +4.60E+01  +9.169E+01  +6.801E+01  +4.634E+01  +1.151E+02
  +5.85E+01  +4.48E+01  +6.479E+01  +1.001E+01  +1.859E+01  +6.845E+01
  +6.10E+01  +4.35E+01  +4.954E+01  -2.855E+01  -1.223E+00  +6.847E+01
  +5.57E+01  +4.35E+01  +1.025E+02  +5.454E+01  +3.959E+01  +1.122E+02
  +5.81E+01  +4.20E+01  +5.672E+01  -2.884E+00  +3.952E+00  +5.862E+01
  +6.05E+01  +4.05E+01  +2.434E+01  -4.200E+01  -2.298E+01  +7.045E+01

Element # = 21     Typ = 8-K Scheibe
 XX         YY         SIGXX       SIGYY       TAUXY       SIGV
  +5.04E+01  +5.09E+01  +1.641E+01  +2.707E+02  +4.689E+01  +2.751E+02
  +5.27E+01  +5.00E+01  +4.980E+01  +1.965E+02  +5.737E+01  +2.029E+02
  +5.51E+01  +4.90E+01  +7.185E+01  +1.198E+02  +5.826E+01  +1.452E+02
  +5.01E+01  +4.90E+01  +2.416E+01  +2.914E+02  +7.495E+01  +3.087E+02
  +5.24E+01  +4.79E+01  +6.045E+01  +2.000E+02  +7.195E+01  +2.170E+02
  +5.48E+01  +4.67E+01  +8.689E+01  +1.109E+02  +6.277E+01  +1.485E+02
  +4.97E+01  +4.71E+01  +5.195E+01  +3.052E+02  +1.044E+02  +3.357E+02
  +5.20E+01  +4.57E+01  +8.481E+01  +1.980E+02  +8.743E+01  +2.292E+02
  +5.43E+01  +4.43E+01  +1.105E+02  +9.770E+01  +6.782E+01  +1.574E+02

Element # = 22     Typ = 8-K Scheibe
 XX         YY         SIGXX       SIGYY       TAUXY       SIGV
  +6.36E+01  +5.41E+01  +7.241E+01  -2.791E+01  +1.921E+01  +9.565E+01
  +6.62E+01  +5.37E+01  +7.301E+01  -5.111E+01  +1.489E+01  +1.111E+02
  +6.88E+01  +5.33E+01  +7.860E+01  -6.104E+01  +1.444E+01  +1.238E+02
  +6.34E+01  +5.09E+01  +7.890E+01  -2.911E+01  +1.683E+01  +1.011E+02
  +6.59E+01  +5.03E+01  +6.993E+01  -5.168E+01  +1.017E+01  +1.072E+02
  +6.85E+01  +4.96E+01  +6.682E+01  -6.107E+01  +7.562E+00  +1.116E+02
  +6.30E+01  +4.78E+01  +7.033E+01  -3.544E+01  +1.394E+01  +9.632E+01
  +6.55E+01  +4.69E+01  +5.347E+01  -5.632E+01  +5.165E+00  +9.551E+01
  +6.81E+01  +4.59E+01  +4.309E+01  -6.454E+01  +4.957E-01  +9.383E+01

Element # = 23     Typ = 8-K Scheibe
 XX         YY         SIGXX       SIGYY       TAUXY       SIGV
  +5.71E+01  +5.49E+01  +5.707E+01  +8.257E+01  +1.943E+01  +8.060E+01
  +5.96E+01  +5.46E+01  +6.572E+01  +3.157E+01  +1.937E+01  +6.608E+01
  +6.21E+01  +5.43E+01  +7.800E+01  -6.469E+00  +2.040E+01  +8.876E+01
  +5.69E+01  +5.24E+01  +6.592E+01  +8.532E+01  +3.153E+01  +9.478E+01
  +5.94E+01  +5.19E+01  +6.988E+01  +3.049E+01  +2.497E+01  +7.452E+01
  +6.19E+01  +5.13E+01  +7.819E+01  -1.033E+01  +2.057E+01  +9.109E+01
  +5.67E+01  +4.99E+01  +7.748E+01  +8.446E+01  +4.445E+01  +1.119E+02
  +5.91E+01  +4.91E+01  +7.545E+01  +2.706E+01  +3.135E+01  +8.563E+01
  +6.16E+01  +4.83E+01  +7.860E+01  -1.577E+01  +2.148E+01  +9.513E+01

Element # = 24     Typ = 8-K Scheibe
 XX         YY         SIGXX       SIGYY       TAUXY       SIGV
  +5.07E+01  +5.58E+01  +6.875E+00  +2.379E+02  -7.135E+00  +2.349E+02
  +5.31E+01  +5.55E+01  +2.935E+01  +1.787E+02  +6.601E+00  +1.664E+02
  +5.56E+01  +5.51E+01  +4.960E+01  +1.181E+02  +1.675E+01  +1.067E+02
  +5.07E+01  +5.39E+01  +8.502E+00  +2.534E+02  +1.291E+01  +2.502E+02
  +5.31E+01  +5.33E+01  +3.256E+01  +1.874E+02  +2.361E+01  +1.781E+02
  +5.55E+01  +5.28E+01  +5.448E+01  +1.218E+02  +3.168E+01  +1.191E+02
  +5.05E+01  +5.20E+01  +1.659E+01  +2.631E+02  +3.471E+01  +2.622E+02
  +5.29E+01  +5.12E+01  +3.972E+01  +1.907E+02  +4.174E+01  +1.887E+02
  +5.53E+01  +5.04E+01  +6.135E+01  +1.209E+02  +4.734E+01  +1.330E+02

Element # = 25     Typ = 8-K Scheibe
 XX         YY         SIGXX       SIGYY       TAUXY       SIGV
  +6.42E+01  +6.21E+01  +2.807E+01  -3.870E+01  +1.200E+01  +6.168E+01
  +6.70E+01  +6.25E+01  +1.534E+01  -6.022E+01  +1.227E+01  +7.237E+01
  +6.98E+01  +6.28E+01  +7.204E+00  -6.818E+01  +1.145E+01  +7.473E+01
  +6.40E+01  +5.90E+01  +6.779E+01  -2.905E+01  +1.106E+01  +8.817E+01
  +6.67E+01  +5.91E+01  +5.892E+01  -5.531E+01  +1.411E+01  +1.019E+02
  +6.94E+01  +5.91E+01  +5.483E+01  -6.615E+01  +1.515E+01  +1.082E+02
  +6.38E+01  +5.59E+01  +7.110E+01  -3.185E+01  +1.444E+01  +9.466E+01
  +6.64E+01  +5.57E+01  +7.177E+01  -6.043E+01  +1.940E+01  +1.195E+02
  +6.91E+01  +5.55E+01  +7.667E+01  -7.229E+01  +2.159E+01  +1.343E+02

Element # = 26     Typ = 8-K Scheibe
 XX         YY         SIGXX       SIGYY       TAUXY       SIGV
  +5.71E+01  +6.14E+01  +4.555E+01  +6.423E+01  -1.985E-01  +5.723E+01
  +5.98E+01  +6.17E+01  +3.795E+01  +1.888E+01  +7.519E+00  +3.536E+01
  +6.26E+01  +6.20E+01  +3.314E+01  -1.970E+01  +1.224E+01  +5.088E+01
  +5.72E+01  +5.89E+01  +5.127E+01  +7.507E+01  +4.131E+00  +6.684E+01
  +5.98E+01  +5.89E+01  +5.107E+01  +2.695E+01  +9.604E+00  +4.727E+01
  +6.25E+01  +5.90E+01  +5.323E+01  -1.315E+01  +1.221E+01  +6.445E+01
  +5.71E+01  +5.64E+01  +5.450E+01  +8.198E+01  +1.105E+01  +7.476E+01
  +5.97E+01  +5.62E+01  +6.182E+01  +3.199E+01  +1.364E+01  +5.853E+01
  +6.23E+01  +5.60E+01  +7.094E+01  -8.926E+00  +1.369E+01  +7.942E+01

Element # = 27     Typ = 8-K Scheibe
 XX         YY         SIGXX       SIGYY       TAUXY       SIGV
  +5.01E+01  +6.07E+01  +2.691E+01  +2.234E+02  -5.389E+01  +2.309E+02
  +5.28E+01  +6.10E+01  +3.376E+01  +1.539E+02  -2.973E+01  +1.493E+02
  +5.55E+01  +6.12E+01  +4.401E+01  +9.427E+01  -9.504E+00  +8.334E+01
  +5.04E+01  +5.88E+01  +1.674E+01  +2.338E+02  -3.636E+01  +2.345E+02
  +5.30E+01  +5.88E+01  +2.909E+01  +1.641E+02  -1.732E+01  +1.546E+02
  +5.56E+01  +5.89E+01  +4.440E+01  +1.054E+02  -1.473E+00  +9.171E+01
  +5.06E+01  +5.69E+01  +1.039E+01  +2.379E+02  -1.715E+01  +2.348E+02
  +5.31E+01  +5.67E+01  +2.707E+01  +1.694E+02  -4.057E+00  +1.578E+02
  +5.56E+01  +5.65E+01  +4.632E+01  +1.130E+02  +6.931E+00  +9.908E+01

Element # = 28     Typ = 8-K Scheibe
 XX         YY         SIGXX       SIGYY       TAUXY       SIGV
  +5.98E+01  +7.18E+01  -2.906E+01  -7.447E+00  +3.909E+01  +7.258E+01
  +6.21E+01  +7.32E+01  -3.537E+01  -3.455E+01  +4.633E+01  +8.753E+01
  +6.43E+01  +7.47E+01  -4.731E+01  -7.245E+01  +5.721E+01  +1.178E+02
  +6.19E+01  +6.84E+01  -1.544E+00  -2.129E+01  +2.532E+01  +4.844E+01
  +6.44E+01  +6.94E+01  -1.448E+01  -5.063E+01  +3.851E+01  +8.055E+01
  +6.69E+01  +7.04E+01  -3.116E+01  -8.729E+01  +5.408E+01  +1.210E+02
  +6.38E+01  +6.43E+01  +7.953E+00  -3.324E+01  +2.316E+01  +5.515E+01
  +6.65E+01  +6.49E+01  -1.490E+01  -6.997E+01  +4.167E+01  +9.635E+01
  +6.93E+01  +6.54E+01  -3.957E+01  -1.105E+02  +6.183E+01  +1.445E+02

Element # = 29     Typ = 8-K Scheibe
 XX         YY         SIGXX       SIGYY       TAUXY       SIGV
  +5.42E+01  +6.82E+01  +2.063E+01  +6.626E+01  +2.677E+00  +5.891E+01
  +5.63E+01  +6.96E+01  -2.720E+00  +3.258E+01  +2.033E+01  +4.896E+01
  +5.85E+01  +7.10E+01  -2.039E+01  +4.945E+00  +3.453E+01  +6.417E+01
  +5.55E+01  +6.58E+01  +3.083E+01  +6.602E+01  -2.100E+00  +5.734E+01
  +5.80E+01  +6.68E+01  +1.743E+01  +2.922E+01  +1.183E+01  +3.268E+01
  +6.05E+01  +6.78E+01  +7.489E+00  -7.011E-02  +2.354E+01  +4.147E+01
  +5.67E+01  +6.30E+01  +3.952E+01  +6.333E+01  +1.561E+00  +5.547E+01
  +5.94E+01  +6.35E+01  +3.014E+01  +2.187E+01  +1.077E+01  +3.280E+01
  +6.22E+01  +6.40E+01  +2.357E+01  -1.033E+01  +1.931E+01  +4.499E+01

Element # = 30     Typ = 8-K Scheibe
 XX         YY         SIGXX       SIGYY       TAUXY       SIGV
  +4.86E+01  +6.47E+01  +6.981E+01  +2.008E+02  -9.370E+01  +2.398E+02
  +5.07E+01  +6.60E+01  +4.611E+01  +1.309E+02  -4.679E+01  +1.407E+02
  +5.29E+01  +6.74E+01  +4.021E+01  +8.771E+01  -1.146E+01  +7.860E+01
  +4.92E+01  +6.33E+01  +5.194E+01  +2.167E+02  -8.268E+01  +2.427E+02
  +5.17E+01  +6.43E+01  +4.261E+01  +1.389E+02  -4.346E+01  +1.444E+02
  +5.41E+01  +6.52E+01  +4.680E+01  +9.216E+01  -1.302E+01  +8.294E+01
  +4.98E+01  +6.17E+01  +3.683E+01  +2.280E+02  -6.362E+01  +2.389E+02
  +5.25E+01  +6.22E+01  +3.442E+01  +1.406E+02  -3.354E+01  +1.396E+02
  +5.52E+01  +6.27E+01  +4.367E+01  +8.904E+01  -8.726E+00  +7.858E+01

Element # = 31     Typ = 8-K Scheibe
 XX         YY         SIGXX       SIGYY       TAUXY       SIGV
  +5.34E+01  +7.78E+01  -4.939E+01  +2.165E+01  +1.887E+01  +7.103E+01
  +5.48E+01  +7.98E+01  -5.929E+01  +3.124E+00  +2.607E+01  +7.582E+01
  +5.61E+01  +8.18E+01  -6.439E+01  -1.044E+01  +3.039E+01  +7.970E+01
  +5.61E+01  +7.60E+01  -3.464E+01  +1.692E+01  +2.887E+01  +6.762E+01
  +5.78E+01  +7.78E+01  -4.359E+01  -8.609E+00  +3.618E+01  +7.434E+01
  +5.95E+01  +7.97E+01  -4.782E+01  -2.817E+01  +4.058E+01  +8.169E+01
  +5.85E+01  +7.35E+01  -3.423E+01  +2.909E+00  +3.973E+01  +7.756E+01
  +6.06E+01  +7.51E+01  -4.002E+01  -2.713E+01  +4.578E+01  +8.684E+01
  +6.26E+01  +7.67E+01  -4.142E+01  -5.041E+01  +4.905E+01  +9.689E+01

Element # = 32     Typ = 8-K Scheibe
 XX         YY         SIGXX       SIGYY       TAUXY       SIGV
  +5.00E+01  +7.26E+01  -1.525E+01  +7.132E+01  -7.337E+00  +8.105E+01
  +5.13E+01  +7.46E+01  -3.088E+01  +4.941E+01  +3.317E+00  +7.039E+01
  +5.26E+01  +7.66E+01  -4.384E+01  +3.001E+01  +1.241E+01  +6.782E+01
  +5.17E+01  +7.12E+01  +9.400E+00  +7.541E+01  -1.429E+00  +7.122E+01
  +5.34E+01  +7.30E+01  -1.029E+01  +4.934E+01  +1.175E+01  +5.884E+01
  +5.51E+01  +7.49E+01  -2.607E+01  +2.750E+01  +2.267E+01  +6.078E+01
  +5.33E+01  +6.94E+01  +1.541E+01  +6.954E+01  +5.061E+00  +6.386E+01
  +5.53E+01  +7.10E+01  -6.417E+00  +3.922E+01  +2.035E+01  +5.544E+01
  +5.73E+01  +7.26E+01  -2.368E+01  +1.474E+01  +3.288E+01  +6.611E+01

Element # = 33     Typ = 8-K Scheibe
 XX         YY         SIGXX       SIGYY       TAUXY       SIGV
  +4.67E+01  +6.75E+01  +1.288E+02  +1.517E+02  -1.087E+02  +2.357E+02
  +4.79E+01  +6.94E+01  +5.011E+01  +1.010E+02  -4.804E+01  +1.207E+02
  +4.92E+01  +7.14E+01  +1.506E+01  +8.599E+01  -9.574E+00  +8.125E+01
  +4.75E+01  +6.65E+01  +1.136E+02  +1.810E+02  -1.088E+02  +2.462E+02
  +4.91E+01  +6.83E+01  +5.475E+01  +1.163E+02  -4.943E+01  +1.323E+02
  +5.08E+01  +7.01E+01  +3.170E+01  +9.012E+01  -1.070E+01  +8.132E+01
  +4.82E+01  +6.54E+01  +8.492E+01  +1.974E+02  -9.953E+01  +2.432E+02
  +5.02E+01  +6.70E+01  +4.354E+01  +1.205E+02  -4.441E+01  +1.307E+02
  +5.21E+01  +6.85E+01  +3.193E+01  +8.473E+01  -7.968E+00  +7.539E+01

Element # = 34     Typ = 8-K Scheibe
 XX         YY         SIGXX       SIGYY       TAUXY       SIGV
  +4.54E+01  +7.96E+01  -4.244E+01  +9.069E+00  -2.197E+01  +6.096E+01
  +4.57E+01  +8.17E+01  -5.167E+01  +4.485E+00  -1.469E+01  +5.974E+01
  +4.60E+01  +8.37E+01  -5.945E+01  +6.575E-01  -8.916E+00  +6.174E+01
  +4.87E+01  +7.94E+01  -4.301E+01  +2.340E+01  -8.692E+00  +6.025E+01
  +4.94E+01  +8.15E+01  -5.240E+01  +1.298E+01  -8.245E-01  +5.998E+01
  +5.02E+01  +8.36E+01  -6.024E+01  +4.238E+00  +5.398E+00  +6.316E+01
  +5.17E+01  +7.86E+01  -5.183E+01  +2.396E+01  +9.666E+00  +6.915E+01
  +5.29E+01  +8.06E+01  -6.098E+01  +8.422E+00  +1.722E+01  +7.206E+01
  +5.40E+01  +8.27E+01  -6.852E+01  -4.623E+00  +2.312E+01  +7.748E+01

Element # = 35     Typ = 8-K Scheibe
 XX         YY         SIGXX       SIGYY       TAUXY       SIGV
  +4.48E+01  +7.43E+01  -1.399E+01  +2.137E+01  -5.380E+01  +9.815E+01
  +4.51E+01  +7.64E+01  -2.619E+01  +1.983E+01  -3.870E+01  +7.805E+01
  +4.53E+01  +7.84E+01  -3.432E+01  +2.047E+01  -2.908E+01  +6.954E+01
  +4.69E+01  +7.40E+01  -7.137E+00  +5.939E+01  -3.932E+01  +9.295E+01
  +4.76E+01  +7.61E+01  -2.403E+01  +4.476E+01  -2.436E+01  +7.373E+01
  +4.83E+01  +7.82E+01  -3.585E+01  +3.519E+01  -1.452E+01  +6.647E+01
  +4.89E+01  +7.32E+01  -1.320E+01  +7.344E+01  -1.900E+01  +8.730E+01
  +5.00E+01  +7.53E+01  -3.281E+01  +4.938E+01  -5.279E+00  +7.224E+01
  +5.11E+01  +7.73E+01  -4.689E+01  +3.219E+01  +3.803E+00  +6.920E+01

Element # = 36     Typ = 8-K Scheibe
 XX         YY         SIGXX       SIGYY       TAUXY       SIGV
  +4.44E+01  +6.91E+01  +1.713E+02  +6.364E+01  -7.762E+01  +2.014E+02
  +4.45E+01  +7.11E+01  +1.049E+01  +3.973E+01  -6.152E+01  +1.124E+02
  +4.47E+01  +7.31E+01  -6.501E+00  +6.210E+01  -7.060E+01  +1.388E+02
  +4.53E+01  +6.86E+01  +1.866E+02  +1.233E+02  -9.653E+01  +2.344E+02
  +4.59E+01  +7.07E+01  +3.112E+01  +7.906E+01  -5.574E+01  +1.187E+02
  +4.66E+01  +7.28E+01  +2.076E+00  +8.468E+01  -4.423E+01  +1.134E+02
  +4.62E+01  +6.79E+01  +1.550E+02  +1.425E+02  -1.062E+02  +2.369E+02
  +4.72E+01  +7.00E+01  +2.721E+01  +9.176E+01  -4.688E+01  +1.151E+02
  +4.83E+01  +7.20E+01  +5.906E+00  +8.917E+01  -1.838E+01  +9.205E+01

Element # = 37     Typ = 8-K Scheibe
 XX         YY         SIGXX       SIGYY       TAUXY       SIGV
  +3.88E+01  +7.83E+01  -5.246E-01  -1.595E+01  -2.733E+01  +4.988E+01
  +3.92E+01  +8.01E+01  -1.706E+01  -1.195E+01  -2.165E+01  +4.045E+01
  +3.97E+01  +8.19E+01  -3.647E+01  -7.896E+00  -1.708E+01  +4.449E+01
  +4.13E+01  +7.88E+01  -1.364E+01  -8.362E+00  -2.896E+01  +5.155E+01
  +4.16E+01  +8.07E+01  -2.791E+01  -8.340E+00  -2.238E+01  +4.602E+01
  +4.19E+01  +8.26E+01  -4.476E+01  -8.745E+00  -1.658E+01  +5.014E+01
  +4.37E+01  +7.94E+01  -2.714E+01  +2.995E+00  -2.937E+01  +5.844E+01
  +4.39E+01  +8.14E+01  -3.936E+01  +1.724E-03  -2.159E+01  +5.429E+01
  +4.41E+01  +8.34E+01  -5.386E+01  -3.776E+00  -1.425E+01  +5.763E+01

Element # = 38     Typ = 8-K Scheibe
 XX         YY         SIGXX       SIGYY       TAUXY       SIGV
  +3.76E+01  +7.36E+01  +2.981E+01  -3.947E+01  -1.996E+01  +6.941E+01
  +3.81E+01  +7.54E+01  +1.709E+01  -3.311E+01  -2.323E+01  +5.978E+01
  +3.85E+01  +7.72E+01  +4.972E+00  -2.616E+01  -2.713E+01  +5.521E+01
  +4.05E+01  +7.39E+01  +1.539E+01  -3.063E+01  -4.094E+01  +8.170E+01
  +4.08E+01  +7.58E+01  +2.070E+00  -2.834E+01  -3.654E+01  +6.980E+01
  +4.11E+01  +7.77E+01  -1.107E+01  -2.630E+01  -3.171E+01  +5.950E+01
  +4.34E+01  +7.43E+01  +7.848E+00  +1.498E+00  -6.288E+01  +1.091E+02
  +4.35E+01  +7.62E+01  -5.196E+00  +3.596E+00  -5.127E+01  +8.913E+01
  +4.37E+01  +7.82E+01  -1.842E+01  +4.793E+00  -3.817E+01  +6.944E+01

Element # = 39     Typ = 8-K Scheibe
 XX         YY         SIGXX       SIGYY       TAUXY       SIGV
  +3.65E+01  +6.90E+01  -3.862E+01  -8.656E+01  +4.751E+01  +1.114E+02
  +3.69E+01  +7.08E+01  +1.254E+01  -6.352E+01  +2.034E+01  +7.893E+01
  +3.74E+01  +7.26E+01  +3.050E+01  -5.105E+01  -2.753E+00  +7.153E+01
  +3.98E+01  +6.91E+01  -1.615E+01  -1.169E+02  -1.105E+01  +1.114E+02
  +4.01E+01  +7.09E+01  +1.221E+01  -9.907E+01  -2.575E+01  +1.147E+02
  +4.03E+01  +7.28E+01  +7.717E+00  -9.293E+01  -3.413E+01  +1.136E+02
  +4.31E+01  +6.92E+01  +4.044E+01  -3.296E+01  -8.443E+01  +1.595E+02
  +4.32E+01  +7.11E+01  +5.342E+01  -2.595E+00  -8.901E+01  +1.636E+02
  +4.33E+01  +7.31E+01  +3.365E+01  +1.536E+01  -8.475E+01  +1.497E+02

Element # = 40     Typ = 8-K Scheibe
 XX         YY         SIGXX       SIGYY       TAUXY       SIGV
  +3.20E+01  +7.69E+01  -3.768E-01  -4.782E+00  +1.289E+00  +5.117E+00
  +3.27E+01  +7.84E+01  +4.069E+00  -1.095E+00  -2.901E-01  +4.740E+00
  +3.34E+01  +7.99E+01  +6.851E+00  +8.552E-02  -1.389E-01  +6.813E+00
  +3.47E+01  +7.74E+01  -1.185E+00  -1.482E+01  -5.052E+00  +1.673E+01
  +3.53E+01  +7.90E+01  -3.359E+00  -7.701E+00  -5.628E+00  +1.182E+01
  +3.59E+01  +8.07E+01  -7.814E+00  -2.579E+00  -4.672E+00  +1.063E+01
  +3.73E+01  +7.80E+01  +1.690E+00  -2.080E+01  -1.624E+01  +3.552E+01
  +3.78E+01  +7.97E+01  -6.682E+00  -1.053E+01  -1.644E+01  +2.993E+01
  +3.83E+01  +8.14E+01  -1.810E+01  -2.002E+00  -1.526E+01  +3.153E+01

Element # = 41     Typ = 8-K Scheibe
 XX         YY         SIGXX       SIGYY       TAUXY       SIGV
  +3.01E+01  +7.29E+01  -3.911E+00  +3.173E+00  +1.070E+00  +6.420E+00
  +3.09E+01  +7.45E+01  -9.374E-01  +7.796E-02  +7.345E-01  +1.605E+00
  +3.16E+01  +7.60E+01  -2.260E+00  -6.526E+00  +2.715E+00  +7.420E+00
  +3.30E+01  +7.32E+01  -1.639E+00  -1.648E+01  +4.607E+00  +1.763E+01
  +3.37E+01  +7.48E+01  +3.346E+00  -8.515E+00  -1.302E+00  +1.083E+01
  +3.43E+01  +7.65E+01  +4.705E+00  -2.745E+00  -5.780E+00  +1.195E+01
  +3.59E+01  +7.35E+01  -3.276E+00  -5.031E+01  +7.677E+00  +5.054E+01
  +3.65E+01  +7.52E+01  +3.004E+00  -3.432E+01  -3.512E+00  +3.642E+01
  +3.70E+01  +7.69E+01  +6.171E+00  -1.952E+01  -1.406E+01  +3.366E+01

Element # = 42     Typ = 8-K Scheibe
 XX         YY         SIGXX       SIGYY       TAUXY       SIGV
  +2.81E+01  +6.89E+01  +7.434E+00  +3.466E+00  -1.875E+00  +7.215E+00
  +2.89E+01  +7.05E+01  -5.605E+00  +9.543E-01  +1.704E-01  +6.146E+00
  +2.96E+01  +7.20E+01  -5.839E+00  +5.188E+00  -2.088E+00  +1.022E+01
  +3.13E+01  +6.89E+01  +7.251E+00  +9.112E+00  -7.176E+00  +1.497E+01
  +3.20E+01  +7.06E+01  -3.213E+00  -9.408E-01  +2.224E-01  +2.887E+00
  +3.27E+01  +7.22E+01  -2.053E+00  -5.439E+00  +4.088E+00  +8.530E+00
  +3.46E+01  +6.89E+01  +5.392E+00  +8.227E+00  -8.327E+00  +1.614E+01
  +3.51E+01  +7.07E+01  -3.130E+00  -9.519E+00  +4.263E+00  +1.119E+01
  +3.56E+01  +7.24E+01  -9.462E-01  -2.258E+01  +1.387E+01  +3.265E+01

Element # = 43     Typ = 8-K Scheibe
 XX         YY         SIGXX       SIGYY       TAUXY       SIGV
  +2.49E+01  +7.55E+01  -1.016E+00  -1.021E-02  +1.586E+00  +2.927E+00
  +2.58E+01  +7.67E+01  -1.963E-01  +9.012E-02  +1.615E+00  +2.809E+00
  +2.66E+01  +7.79E+01  +3.132E+00  +1.738E+00  +6.689E-01  +2.954E+00
  +2.77E+01  +7.60E+01  +9.609E-01  +2.814E+00  +1.350E-01  +2.489E+00
  +2.85E+01  +7.74E+01  +1.611E+00  +1.136E+00  +1.223E+00  +2.557E+00
  +2.93E+01  +7.87E+01  +4.287E+00  +5.758E-01  +1.594E+00  +4.885E+00
  +3.04E+01  +7.66E+01  +1.724E+00  +2.934E+00  -3.235E-01  +2.615E+00
  +3.12E+01  +7.80E+01  +2.330E+00  -2.228E-01  +1.613E+00  +3.716E+00
  +3.19E+01  +7.95E+01  +4.638E+00  -2.525E+00  +2.991E+00  +8.151E+00

Element # = 44     Typ = 8-K Scheibe
 XX         YY         SIGXX       SIGYY       TAUXY       SIGV
  +2.24E+01  +7.23E+01  -8.266E-01  -2.260E+00  -1.266E+00  +2.955E+00
  +2.34E+01  +7.36E+01  -1.745E+00  -1.366E+00  +2.146E-01  +1.633E+00
  +2.43E+01  +7.48E+01  +5.384E-02  +2.779E+00  +4.977E-02  +2.754E+00
  +2.54E+01  +7.25E+01  -6.440E-01  +5.011E+00  -1.266E+00  +5.793E+00
  +2.63E+01  +7.39E+01  -1.702E+00  +2.041E+00  +3.578E-01  +3.305E+00
  +2.72E+01  +7.53E+01  -5.011E-01  +1.428E+00  +6.114E-01  +2.032E+00
  +2.84E+01  +7.28E+01  -2.656E+00  +5.754E+00  -6.619E-02  +7.447E+00
  +2.92E+01  +7.43E+01  -3.926E+00  -9.595E-01  +1.721E+00  +4.632E+00
  +3.00E+01  +7.57E+01  -3.250E+00  -5.905E+00  +2.323E+00  +6.513E+00

Element # = 45     Typ = 8-K Scheibe
 XX         YY         SIGXX       SIGYY       TAUXY       SIGV
  +1.97E+01  +6.90E+01  -1.165E+00  +1.087E+00  -3.552E-01  +2.045E+00
  +2.08E+01  +7.03E+01  +1.972E+00  +1.189E+00  -8.141E-01  +2.224E+00
  +2.18E+01  +7.16E+01  +2.802E-01  -2.151E+00  +8.494E-01  +2.734E+00
  +2.29E+01  +6.89E+01  -9.392E-01  -3.482E+00  +1.755E+00  +4.356E+00
  +2.39E+01  +7.03E+01  +1.270E+00  -4.680E-01  -3.996E-01  +1.705E+00
  +2.49E+01  +7.17E+01  -7.476E-01  -1.515E-01  -8.588E-01  +1.637E+00
  +2.62E+01  +6.89E+01  +6.173E-01  -3.090E+00  +2.289E+00  +5.250E+00
  +2.70E+01  +7.04E+01  +2.179E+00  +2.969E+00  -1.476E+00  +3.692E+00
  +2.79E+01  +7.19E+01  -2.483E-02  +6.858E+00  -3.840E+00  +9.563E+00

Element # = 46     Typ = 8-K Scheibe
 XX         YY         SIGXX       SIGYY       TAUXY       SIGV
  +8.12E+01  +4.12E+01  -5.788E+01  -1.889E+01  +1.851E+00  +5.122E+01
  +8.06E+01  +3.83E+01  -7.078E+01  -7.743E+00  +1.191E+01  +7.034E+01
  +7.99E+01  +3.55E+01  -1.181E+02  -8.762E+00  +2.856E+01  +1.242E+02
  +7.60E+01  +4.26E+01  -3.309E+01  -3.425E+01  +2.855E+00  +3.405E+01
  +7.57E+01  +3.95E+01  -9.823E+01  -2.635E+01  -5.120E+00  +8.851E+01
  +7.54E+01  +3.64E+01  -1.890E+02  -2.618E+01  -1.112E+01  +1.784E+02
  +7.03E+01  +4.34E+01  -8.277E+00  -6.360E+01  -2.120E+01  +7.025E+01
  +7.00E+01  +3.98E+01  -9.104E+01  -5.326E+01  -4.556E+01  +1.118E+02
  +6.96E+01  +3.62E+01  -1.770E+02  -4.392E+01  -6.971E+01  +2.001E+02

Element # = 47     Typ = 8-K Scheibe
 XX         YY         SIGXX       SIGYY       TAUXY       SIGV
  +8.29E+01  +4.88E+01  +3.148E+01  -1.971E+01  -6.082E-01  +4.474E+01
  +8.23E+01  +4.58E+01  +2.840E+00  -1.832E+01  +4.097E-02  +1.989E+01
  +8.16E+01  +4.29E+01  -4.098E+01  -2.076E+01  +1.187E+00  +3.555E+01
  +7.68E+01  +5.06E+01  +4.885E+01  -4.293E+01  +2.551E+00  +7.966E+01
  +7.65E+01  +4.75E+01  +2.011E+01  -4.420E+01  -3.625E+00  +5.733E+01
  +7.62E+01  +4.44E+01  -1.847E+01  -4.819E+01  -1.005E+01  +4.557E+01
  +7.12E+01  +5.26E+01  +7.740E+01  -5.721E+01  +1.666E+01  +1.205E+02
  +7.08E+01  +4.90E+01  +5.256E+01  -5.848E+01  +4.530E+00  +9.653E+01
  +7.05E+01  +4.55E+01  +2.571E+01  -6.027E+01  -7.789E+00  +7.763E+01

Element # = 48     Typ = 8-K Scheibe
 XX         YY         SIGXX       SIGYY       TAUXY       SIGV
  +8.46E+01  +5.66E+01  +1.258E+02  +6.921E+00  -2.772E+01  +1.315E+02
  +8.40E+01  +5.35E+01  +9.063E+01  -3.134E+00  -1.476E+01  +9.571E+01
  +8.33E+01  +5.05E+01  +5.195E+01  -1.373E+01  -2.190E+00  +6.013E+01
  +7.76E+01  +5.88E+01  +7.893E+01  -9.529E+00  -1.312E+01  +8.712E+01
  +7.73E+01  +5.56E+01  +6.811E+01  -1.821E+01  -7.016E+00  +7.974E+01
  +7.70E+01  +5.25E+01  +5.661E+01  -2.675E+01  -2.313E+00  +7.383E+01
  +7.20E+01  +6.18E+01  +2.087E+01  -5.859E+01  +3.729E+01  +9.624E+01
  +7.17E+01  +5.83E+01  +5.209E+01  -5.858E+01  +3.047E+01  +1.095E+02
  +7.14E+01  +5.47E+01  +7.868E+01  -5.981E+01  +2.373E+01  +1.271E+02

Element # = 49     Typ = 8-K Scheibe
 XX         YY         SIGXX       SIGYY       TAUXY       SIGV
  +9.98E+01  +3.65E+01  -5.219E+01  -1.295E+00  +1.533E+01  +5.798E+01
  +9.90E+01  +3.36E+01  -8.608E+01  -5.157E+00  +2.284E+01  +9.250E+01
  +9.81E+01  +3.07E+01  -1.143E+02  -7.451E+00  +3.007E+01  +1.224E+02
  +9.23E+01  +3.83E+01  -5.503E+01  -3.432E+00  +1.094E+01  +5.666E+01
  +9.15E+01  +3.54E+01  -8.542E+01  -4.091E+00  +2.211E+01  +9.182E+01
  +9.06E+01  +3.25E+01  -1.101E+02  -3.062E+00  +3.310E+01  +1.228E+02
  +8.48E+01  +4.01E+01  -6.113E+01  -1.522E+01  +5.095E+00  +5.583E+01
  +8.40E+01  +3.73E+01  -8.812E+01  -1.264E+01  +1.978E+01  +8.936E+01
  +8.32E+01  +3.44E+01  -1.093E+02  -8.219E+00  +3.445E+01  +1.211E+02

Element # = 50     Typ = 8-K Scheibe
 XX         YY         SIGXX       SIGYY       TAUXY       SIGV
  +1.02E+02  +4.41E+01  +3.182E+01  +3.364E+00  -7.619E+00  +3.303E+01
  +1.01E+02  +4.11E+01  -2.591E+00  +4.254E-01  +4.968E-01  +2.956E+00
  +1.00E+02  +3.82E+01  -3.458E+01  -1.634E+00  +8.339E+00  +3.675E+01
  +9.44E+01  +4.59E+01  +3.018E+01  +3.455E+00  -8.406E+00  +3.210E+01
  +9.36E+01  +4.29E+01  -2.900E+00  +2.585E-01  +7.068E-01  +3.275E+00
  +9.28E+01  +4.00E+01  -3.362E+01  -2.033E+00  +9.597E+00  +3.664E+01
  +8.70E+01  +4.77E+01  +2.760E+01  -7.685E-01  -9.117E+00  +3.214E+01
  +8.61E+01  +4.48E+01  -4.250E+00  -4.139E+00  +8.198E-01  +4.430E+00
  +8.53E+01  +4.18E+01  -3.380E+01  -6.585E+00  +1.060E+01  +3.606E+01

Element # = 51     Typ = 8-K Scheibe
 XX         YY         SIGXX       SIGYY       TAUXY       SIGV
  +1.04E+02  +5.18E+01  +1.187E+02  +8.854E+00  -2.830E+01  +1.246E+02
  +1.03E+02  +4.88E+01  +8.141E+01  +5.990E+00  -2.110E+01  +8.667E+01
  +1.02E+02  +4.58E+01  +4.902E+01  +4.988E+00  -1.474E+01  +5.324E+01
  +9.65E+01  +5.37E+01  +1.191E+02  +1.181E+01  -3.117E+01  +1.258E+02
  +9.57E+01  +5.07E+01  +8.205E+01  +6.200E+00  -2.076E+01  +8.692E+01
  +9.49E+01  +4.76E+01  +4.977E+01  +2.423E+00  -1.109E+01  +5.226E+01
  +8.91E+01  +5.56E+01  +1.182E+02  +1.176E+01  -3.513E+01  +1.281E+02
  +8.83E+01  +5.25E+01  +8.122E+01  +3.533E+00  -2.173E+01  +8.797E+01
  +8.74E+01  +4.95E+01  +4.892E+01  -2.914E+00  -8.970E+00  +5.278E+01

Element # = 52     Typ = 8-K Scheibe
 XX         YY         SIGXX       SIGYY       TAUXY       SIGV
  +1.19E+02  +3.17E+01  -4.955E+01  -4.308E+00  +1.368E+01  +5.312E+01
  +1.18E+02  +2.88E+01  -8.283E+01  -5.687E+00  +2.176E+01  +8.856E+01
  +1.17E+02  +2.58E+01  -1.168E+02  -7.300E+00  +2.989E+01  +1.246E+02
  +1.12E+02  +3.36E+01  -5.070E+01  -3.290E+00  +1.403E+01  +5.482E+01
  +1.11E+02  +3.06E+01  -8.377E+01  -5.723E+00  +2.111E+01  +8.892E+01
  +1.10E+02  +2.77E+01  -1.176E+02  -8.363E+00  +2.826E+01  +1.238E+02
  +1.04E+02  +3.54E+01  -5.121E+01  -2.228E+00  +1.529E+01  +5.669E+01
  +1.03E+02  +3.25E+01  -8.416E+01  -5.611E+00  +2.119E+01  +8.938E+01
  +1.02E+02  +2.96E+01  -1.180E+02  -9.189E+00  +2.717E+01  +1.231E+02

Element # = 53     Typ = 8-K Scheibe
 XX         YY         SIGXX       SIGYY       TAUXY       SIGV
  +1.21E+02  +3.94E+01  +2.927E+01  -3.910E-01  -1.039E+01  +3.454E+01
  +1.20E+02  +3.64E+01  -6.257E-01  -1.292E+00  -1.349E+00  +2.590E+00
  +1.20E+02  +3.34E+01  -3.122E+01  -2.522E+00  +7.862E+00  +3.298E+01
  +1.14E+02  +4.12E+01  +3.081E+01  +1.406E+00  -8.264E+00  +3.336E+01
  +1.13E+02  +3.82E+01  -3.913E-01  +1.594E-02  -1.417E-02  +4.002E-01
  +1.12E+02  +3.53E+01  -3.236E+01  -1.670E+00  +8.434E+00  +3.478E+01
  +1.06E+02  +4.30E+01  +3.168E+01  +1.893E+00  -6.781E+00  +3.294E+01
  +1.05E+02  +4.01E+01  -9.098E-01  +1.346E-01  +5.159E-01  +1.329E+00
  +1.05E+02  +3.71E+01  -3.435E+01  -1.891E+00  +8.036E+00  +3.623E+01

Element # = 54     Typ = 8-K Scheibe
 XX         YY         SIGXX       SIGYY       TAUXY       SIGV
  +1.23E+02  +4.70E+01  +1.129E+02  +7.740E+00  -3.331E+01  +1.235E+02
  +1.22E+02  +4.40E+01  +8.613E+01  +7.930E+00  -2.076E+01  +8.995E+01
  +1.22E+02  +4.11E+01  +5.522E+01  +6.670E+00  -7.588E+00  +5.383E+01
  +1.16E+02  +4.89E+01  +1.134E+02  +4.458E+00  -3.117E+01  +1.236E+02
  +1.15E+02  +4.59E+01  +8.463E+01  +4.457E+00  -2.168E+01  +9.064E+01
  +1.14E+02  +4.29E+01  +5.168E+01  +3.046E+00  -1.153E+01  +5.406E+01
  +1.08E+02  +5.07E+01  +1.157E+02  +5.390E+00  -2.793E+01  +1.231E+02
  +1.08E+02  +4.77E+01  +8.493E+01  +5.319E+00  -2.160E+01  +9.050E+01
  +1.07E+02  +4.48E+01  +4.989E+01  +3.879E+00  -1.461E+01  +5.432E+01

Element # = 55     Typ = 8-K Scheibe
 XX         YY         SIGXX       SIGYY       TAUXY       SIGV
  +1.38E+02  +2.70E+01  -5.376E+01  +8.186E+00  +3.037E-01  +5.829E+01
  +1.38E+02  +2.39E+01  -7.884E+01  +1.652E+00  +1.158E+01  +8.217E+01
  +1.37E+02  +2.09E+01  -1.065E+02  -6.246E+00  +2.370E+01  +1.114E+02
  +1.31E+02  +2.88E+01  -5.179E+01  +2.675E+00  +8.246E+00  +5.507E+01
  +1.30E+02  +2.58E+01  -8.063E+01  -1.478E+00  +1.818E+01  +8.588E+01
  +1.29E+02  +2.28E+01  -1.122E+02  -7.062E+00  +2.903E+01  +1.199E+02
  +1.23E+02  +3.06E+01  -5.199E+01  -3.520E+00  +1.307E+01  +5.518E+01
  +1.23E+02  +2.77E+01  -8.468E+01  -5.149E+00  +2.151E+01  +9.027E+01
  +1.22E+02  +2.47E+01  -1.202E+02  -8.242E+00  +3.094E+01  +1.280E+02

Element # = 56     Typ = 8-K Scheibe
 XX         YY         SIGXX       SIGYY       TAUXY       SIGV
  +1.41E+02  +3.46E+01  +8.705E+00  +2.061E+01  -6.198E+00  +2.089E+01
  +1.40E+02  +3.17E+01  -1.643E+01  +1.732E+01  -4.849E+00  +3.042E+01
  +1.39E+02  +2.87E+01  -3.960E+01  +1.420E+01  -3.164E+00  +4.860E+01
  +1.33E+02  +3.65E+01  +2.901E+01  +1.217E+01  -3.016E+00  +2.576E+01
  +1.32E+02  +3.35E+01  -3.118E+00  +8.893E+00  +1.705E+00  +1.119E+01
  +1.31E+02  +3.05E+01  -3.336E+01  +5.738E+00  +6.760E+00  +3.840E+01
  +1.26E+02  +3.83E+01  +4.466E+01  +4.705E+00  -7.481E+00  +4.443E+01
  +1.25E+02  +3.53E+01  +5.469E+00  +1.470E+00  +4.941E-01  +4.976E+00
  +1.24E+02  +3.24E+01  -3.193E+01  -1.658E+00  +8.830E+00  +3.469E+01

Element # = 57     Typ = 8-K Scheibe
 XX         YY         SIGXX       SIGYY       TAUXY       SIGV
  +1.43E+02  +4.21E+01  +1.812E+02  +3.809E+01  +1.482E+01  +1.674E+02
  +1.42E+02  +3.92E+01  +1.023E+02  +3.009E+01  +6.460E+00  +9.178E+01
  +1.41E+02  +3.63E+01  +3.515E+01  +2.555E+01  -2.797E+00  +3.184E+01
  +1.35E+02  +4.40E+01  +1.360E+02  +1.117E+01  -1.961E+01  +1.351E+02
  +1.34E+02  +4.11E+01  +8.240E+01  +6.585E+00  -1.704E+01  +8.463E+01
  +1.34E+02  +3.82E+01  +3.993E+01  +5.355E+00  -1.562E+01  +4.627E+01
  +1.28E+02  +4.59E+01  +1.093E+02  +6.154E+00  -3.458E+01  +1.220E+02
  +1.27E+02  +4.30E+01  +8.031E+01  +4.822E+00  -2.168E+01  +8.658E+01
  +1.26E+02  +4.00E+01  +6.209E+01  +6.765E+00  -1.004E+01  +6.150E+01

Element # = 58     Typ = 8-K Scheibe
 XX         YY         SIGXX       SIGYY       TAUXY       SIGV
  +1.58E+02  +2.22E+01  -3.065E+01  +4.075E+00  -1.079E+01  +3.782E+01
  +1.57E+02  +1.91E+01  -3.554E+01  +1.819E+00  -2.985E+00  +3.685E+01
  +1.56E+02  +1.60E+01  -4.063E+01  -6.740E-01  +4.855E+00  +4.116E+01
  +1.50E+02  +2.40E+01  -4.085E+01  +4.612E+00  -6.527E+00  +4.479E+01
  +1.49E+02  +2.10E+01  -5.178E+01  +7.285E-01  +2.953E+00  +5.240E+01
  +1.49E+02  +1.79E+01  -6.291E+01  -3.440E+00  +1.252E+01  +6.498E+01
  +1.43E+02  +2.59E+01  -5.287E+01  +1.059E+01  -7.066E+00  +6.015E+01
  +1.42E+02  +2.29E+01  -6.987E+01  +5.089E+00  +4.105E+00  +7.289E+01
  +1.41E+02  +1.98E+01  -8.709E+01  -7.455E-01  +1.542E+01  +9.073E+01

Element # = 59     Typ = 8-K Scheibe
 XX         YY         SIGXX       SIGYY       TAUXY       SIGV
  +1.60E+02  +2.98E+01  -1.819E+01  -1.502E+00  -1.686E+01  +3.404E+01
  +1.59E+02  +2.69E+01  -2.157E+01  +1.458E+00  -1.521E+01  +3.453E+01
  +1.58E+02  +2.39E+01  -2.715E+01  +3.563E+00  -1.328E+01  +3.709E+01
  +1.52E+02  +3.17E+01  -9.594E+00  +3.968E+00  -1.691E+01  +3.168E+01
  +1.52E+02  +2.88E+01  -2.117E+01  +3.199E+00  -1.411E+01  +3.352E+01
  +1.51E+02  +2.58E+01  -3.494E+01  +1.541E+00  -1.097E+01  +4.047E+01
  +1.45E+02  +3.35E+01  -1.856E-03  +2.505E+01  -2.129E+01  +4.459E+01
  +1.44E+02  +3.06E+01  -1.980E+01  +2.042E+01  -1.734E+01  +4.599E+01
  +1.43E+02  +2.76E+01  -4.180E+01  +1.486E+01  -1.298E+01  +5.563E+01

Element # = 60     Typ = 8-K Scheibe
 XX         YY         SIGXX       SIGYY       TAUXY       SIGV
  +1.62E+02  +3.72E+01  -8.135E+00  -3.785E+00  -1.437E+01  +2.587E+01
  +1.61E+02  +3.44E+01  -6.553E+00  -2.613E+00  -1.634E+01  +2.887E+01
  +1.60E+02  +3.15E+01  -1.388E+01  -4.822E+00  -1.641E+01  +3.093E+01
  +1.54E+02  +3.91E+01  -2.291E+00  -7.156E+00  -6.123E+00  +1.235E+01
  +1.54E+02  +3.63E+01  +8.290E-01  +2.127E-01  -1.349E+01  +2.337E+01
  +1.53E+02  +3.34E+01  -4.762E+00  +4.005E+00  -1.880E+01  +3.344E+01
  +1.47E+02  +4.10E+01  +1.262E+01  +9.037E+00  +8.643E+00  +1.873E+01
  +1.46E+02  +3.81E+01  +1.723E+01  +2.226E+01  -4.053E+00  +2.140E+01
  +1.45E+02  +3.52E+01  +1.330E+01  +3.180E+01  -1.462E+01  +3.750E+01

Element # = 61     Typ = 8-K Scheibe
 XX         YY         SIGXX       SIGYY       TAUXY       SIGV
  +1.77E+02  +1.74E+01  -1.029E+01  +1.831E+00  -2.959E+00  +1.243E+01
  +1.76E+02  +1.43E+01  -9.720E+00  +8.143E-01  -8.953E-01  +1.027E+01
  +1.75E+02  +1.11E+01  -7.508E+00  +2.699E-01  +9.975E-01  +7.839E+00
  +1.70E+02  +1.92E+01  -1.718E+01  +1.224E+00  -3.932E+00  +1.908E+01
  +1.69E+02  +1.61E+01  -1.740E+01  +3.642E-01  -4.293E-02  +1.759E+01
  +1.68E+02  +1.30E+01  -1.600E+01  -5.701E-02  +3.630E+00  +1.717E+01
  +1.62E+02  +2.11E+01  -2.504E+01  +1.064E+00  -6.547E+00  +2.799E+01
  +1.61E+02  +1.80E+01  -2.604E+01  +3.660E-01  -7.902E-01  +2.626E+01
  +1.60E+02  +1.49E+01  -2.543E+01  +8.064E-02  +4.719E+00  +2.675E+01

Element # = 62     Typ = 8-K Scheibe
 XX         YY         SIGXX       SIGYY       TAUXY       SIGV
  +1.79E+02  +2.51E+01  -9.750E+00  +1.274E+00  -6.309E+00  +1.512E+01
  +1.78E+02  +2.21E+01  -1.007E+01  +1.354E+00  -5.341E+00  +1.423E+01
  +1.78E+02  +1.91E+01  -1.043E+01  +1.243E+00  -4.175E+00  +1.325E+01
  +1.72E+02  +2.69E+01  -1.188E+01  -5.202E-01  -8.787E+00  +1.916E+01
  +1.71E+02  +2.40E+01  -1.389E+01  +5.775E-01  -7.158E+00  +1.884E+01
  +1.70E+02  +2.10E+01  -1.596E+01  +1.404E+00  -5.329E+00  +1.909E+01
  +1.64E+02  +2.88E+01  -1.497E+01  -1.185E+00  -1.315E+01  +2.696E+01
  +1.63E+02  +2.58E+01  -1.866E+01  +8.970E-01  -1.084E+01  +2.680E+01
  +1.63E+02  +2.28E+01  -2.244E+01  +2.646E+00  -8.320E+00  +2.788E+01

Element # = 63     Typ = 8-K Scheibe
 XX         YY         SIGXX       SIGYY       TAUXY       SIGV
  +1.81E+02  +3.23E+01  -7.014E+00  -4.885E-01  -8.779E+00  +1.665E+01
  +1.80E+02  +2.95E+01  -8.911E+00  -1.353E-01  -7.961E+00  +1.638E+01
  +1.80E+02  +2.67E+01  -1.009E+01  +5.306E-01  -7.443E+00  +1.654E+01
  +1.74E+02  +3.42E+01  -8.468E+00  +3.209E-01  -1.133E+01  +2.144E+01
  +1.73E+02  +3.14E+01  -1.017E+01  -7.260E-01  -1.012E+01  +2.010E+01
  +1.72E+02  +2.86E+01  -1.118E+01  -1.388E+00  -9.228E+00  +1.915E+01
  +1.66E+02  +3.61E+01  -1.014E+01  -2.042E-02  -1.380E+01  +2.596E+01
  +1.65E+02  +3.33E+01  -1.166E+01  -2.416E+00  -1.223E+01  +2.371E+01
  +1.65E+02  +3.05E+01  -1.250E+01  -4.376E+00  -1.097E+01  +2.196E+01

Element # = 64     Typ = 8-K Scheibe
 XX         YY         SIGXX       SIGYY       TAUXY       SIGV
  +1.97E+02  +1.25E+01  -6.790E-01  -4.289E-01  -8.198E-01  +1.540E+00
  +1.96E+02  +9.41E+00  -1.900E-02  -1.321E-01  -2.732E-01  +4.891E-01
  +1.95E+02  +6.18E+00  +1.103E+00  +3.628E-01  +1.068E-01  +9.911E-01
  +1.89E+02  +1.44E+01  -4.233E+00  +9.421E-02  -1.806E+00  +5.302E+00
  +1.88E+02  +1.13E+01  -3.347E+00  -1.535E-01  -8.253E-01  +3.572E+00
  +1.87E+02  +8.09E+00  -1.996E+00  -1.754E-01  -2.819E-02  +1.915E+00
  +1.82E+02  +1.63E+01  -7.463E+00  +1.433E+00  -2.597E+00  +9.417E+00
  +1.81E+02  +1.32E+01  -6.356E+00  +6.179E-01  -1.180E+00  +6.992E+00
  +1.80E+02  +9.99E+00  -4.779E+00  +5.221E-02  +3.809E-02  +4.806E+00

Element # = 65     Typ = 8-K Scheibe
 XX         YY         SIGXX       SIGYY       TAUXY       SIGV
  +1.99E+02  +2.02E+01  -2.156E+00  -3.254E+00  -3.598E+00  +6.860E+00
  +1.98E+02  +1.73E+01  -1.632E+00  -2.049E+00  -2.398E+00  +4.557E+00
  +1.97E+02  +1.43E+01  -1.032E+00  -8.283E-01  -1.367E+00  +2.551E+00
  +1.91E+02  +2.21E+01  -5.627E+00  -9.329E-01  -4.886E+00  +9.945E+00
  +1.90E+02  +1.92E+01  -5.200E+00  -5.094E-01  -3.636E+00  +8.019E+00
  +1.90E+02  +1.62E+01  -4.683E+00  -1.890E-02  -2.552E+00  +6.433E+00
  +1.84E+02  +2.40E+01  -9.030E+00  +1.481E+00  -6.103E+00  +1.445E+01
  +1.83E+02  +2.10E+01  -8.700E+00  +1.134E+00  -4.805E+00  +1.249E+01
  +1.82E+02  +1.81E+01  -8.269E+00  +8.961E-01  -3.671E+00  +1.082E+01

Element # = 66     Typ = 8-K Scheibe
 XX         YY         SIGXX       SIGYY       TAUXY       SIGV
  +2.00E+02  +2.73E+01  -7.005E+00  -8.977E+00  -7.275E+00  +1.502E+01
  +2.00E+02  +2.46E+01  -5.314E+00  -7.422E+00  -6.048E+00  +1.239E+01
  +1.99E+02  +2.19E+01  -3.631E+00  -6.016E+00  -4.856E+00  +9.914E+00
  +1.93E+02  +2.92E+01  -5.028E+00  -1.961E+00  -6.319E+00  +1.179E+01
  +1.92E+02  +2.65E+01  -4.961E+00  -7.383E-01  -5.549E+00  +1.067E+01
  +1.92E+02  +2.38E+01  -4.883E+00  +3.830E-01  -4.803E+00  +9.750E+00
  +1.85E+02  +3.12E+01  -5.768E+00  -2.990E-01  -7.474E+00  +1.411E+01
  +1.85E+02  +2.84E+01  -7.216E+00  +7.910E-01  -7.091E+00  +1.447E+01
  +1.84E+02  +2.56E+01  -8.647E+00  +1.812E+00  -6.724E+00  +1.515E+01
