Ausgabedatei Z88O4.TXT : Knotenkraefte, erzeugt mit Z88R V15OS
                         *************

Zunaechst die Knotenkraefte elementweise
----------------------------------------

Element # =     1     Typ = 8-K Scheibe
Knoten       F(1)           F(2)
    1    +1.16415E-10   -4.65661E-10
   12    -1.84788E+03   +3.53880E+02
   14    +1.15726E+03   +4.98158E+02
    3    +6.39084E+02   -9.08114E+02
    8    -4.65661E-10   -2.32831E-10
   13    -3.52762E+03   +2.32348E+03
    9    +3.57916E+03   -2.26741E+03
    2    +2.32831E-10   -2.79397E-09

Element # =     2     Typ = 8-K Scheibe
Knoten       F(1)           F(2)
    3    -6.39084E+02   +9.08114E+02
   14    -1.63228E+03   +8.58548E+02
   16    +2.25612E+03   +5.41425E+02
    5    +9.07876E+01   -8.84181E+02
    9    -3.57916E+03   +2.26741E+03
   15    +4.94301E+02   +1.34665E+03
   10    +3.00932E+03   -5.03796E+03
    4    +1.16415E-10   +0.00000E+00

Element # =     3     Typ = 8-K Scheibe
Knoten       F(1)           F(2)
    5    -9.07876E+01   +8.84181E+02
   16    -1.05747E+03   +8.19672E+02
   18    +1.72167E+03   -1.44081E+02
    7    -7.27596E-11   +1.86265E-09
   10    -3.00932E+03   +5.03796E+03
   17    +2.43590E+03   +5.45268E+02
   11    -2.91038E-10   -7.14300E+03
    6    -5.82077E-11   +0.00000E+00

Element # =     4     Typ = 8-K Scheibe
Knoten       F(1)           F(2)
   12    +1.84788E+03   -3.53880E+02
   23    -3.09723E+03   +9.23657E+02
   25    -1.79114E+02   +4.33874E+02
   14    +1.41283E+03   -7.22912E+02
   19    +0.00000E+00   -5.23869E-10
   24    -6.91652E+03   +2.91342E+03
   20    +3.40453E+03   -8.70680E+02
   13    +3.52762E+03   -2.32348E+03

Element # =     5     Typ = 8-K Scheibe
Knoten       F(1)           F(2)
   14    -9.37808E+02   -6.33794E+02
   25    -1.53330E+03   +3.65711E+02
   27    +1.55786E+03   -1.42346E+02
   16    +7.58252E+02   -7.95789E+02
   20    -3.40453E+03   +8.70680E+02
   26    +6.23265E+02   +1.96559E+03
   21    +3.43056E+03   -2.83406E+02
   15    -4.94301E+02   -1.34665E+03

Element # =     6     Typ = 8-K Scheibe
Knoten       F(1)           F(2)
   16    -1.95690E+03   -5.65308E+02
   27    -1.23516E+02   +3.56503E+02
   29    +2.09487E+03   +1.41672E+02
   18    -1.72167E+03   +1.44081E+02
   21    -3.43056E+03   +2.83406E+02
   28    +7.57368E+03   +1.84914E+02
   22    +0.00000E+00   +3.20142E-10
   17    -2.43590E+03   -5.45268E+02

Element # =     7     Typ = 8-K Scheibe
Knoten       F(1)           F(2)
   23    +3.09723E+03   -9.23657E+02
   34    -1.48834E+03   +2.43832E+02
   36    -1.55351E+03   +1.27738E+03
   25    +1.74129E+03   -5.56447E+02
   30    +1.74623E-10   -8.73115E-11
   35    -9.56361E+03   +5.95703E+02
   31    +8.50420E+02   +2.27662E+03
   24    +6.91652E+03   -2.91342E+03

Element # =     8     Typ = 8-K Scheibe
Knoten       F(1)           F(2)
   25    -2.88785E+01   -2.43138E+02
   36    -1.35666E+03   -9.63018E+02
   38    +1.36589E+03   +2.30269E+03
   27    -2.84350E+02   -1.91659E+02
   31    -8.50420E+02   -2.27662E+03
   37    -2.27252E+03   +4.27313E+02
   32    +4.05021E+03   +2.91001E+03
   26    -6.23265E+02   -1.96559E+03

Element # =     9     Typ = 8-K Scheibe
Knoten       F(1)           F(2)
   27    -1.15000E+03   -2.24971E+01
   38    +4.00677E+01   -1.86612E+03
   40    +7.00304E+03   +2.06774E+03
   29    -2.09487E+03   -1.41672E+02
   32    -4.05021E+03   -2.91001E+03
   39    +7.82565E+03   +3.05748E+03
   33    -5.82077E-11   -4.22006E-10
   28    -7.57368E+03   -1.84914E+02

Element # =    10     Typ = 8-K Scheibe
Knoten       F(1)           F(2)
   34    +1.48834E+03   -2.43832E+02
   45    -3.46597E+03   -1.03196E+03
   47    -1.77484E+03   +2.19218E+02
   36    +1.76213E+03   +7.97968E+02
   41    +0.00000E+00   -2.20098E-10
   46    -8.50348E+03   -2.83702E+03
   42    +9.30202E+02   +3.69133E+03
   35    +9.56361E+03   -5.95703E+02

Element # =    11     Typ = 8-K Scheibe
Knoten       F(1)           F(2)
   36    +1.14804E+03   -1.11233E+03
   47    -9.46708E+02   -1.02775E+03
   49    +6.99879E+02   +1.46323E+03
   38    -4.79384E+02   +7.98088E+02
   42    -9.30202E+02   -3.69133E+03
   48    -8.50017E+02   +1.98278E+02
   43    -9.14130E+02   +3.79913E+03
   37    +2.27252E+03   -4.27313E+02

Element # =    12     Typ = 8-K Scheibe
Knoten       F(1)           F(2)
   38    -9.26569E+02   -1.23466E+03
   49    +9.98724E+02   -7.21507E+02
   51    +3.92271E+03   +3.70592E+03
   40    -7.00304E+03   -2.06774E+03
   43    +9.14130E+02   -3.79913E+03
   50    +9.91970E+03   +7.17459E+03
   44    -8.73115E-11   -8.73115E-11
   39    -7.82565E+03   -3.05748E+03

Element # =    13     Typ = 8-K Scheibe
Knoten       F(1)           F(2)
   45    +3.46597E+03   +1.03196E+03
   56    -2.57424E+03   -1.54208E+03
   58    -1.18578E+03   -5.07043E+02
   47    +1.17695E+03   +9.59651E+02
   52    +1.16415E-10   -2.91038E-11
   57    -8.28208E+03   -4.74695E+03
   53    -1.10430E+03   +1.96744E+03
   46    +8.50348E+03   +2.83702E+03

Element # =    14     Typ = 8-K Scheibe
Knoten       F(1)           F(2)
   47    +1.54459E+03   -1.51120E+02
   58    -7.00349E+02   -1.05734E+03
   60    +6.09990E+02   +1.03810E+03
   49    -1.18040E+03   +3.12713E+02
   53    +1.10430E+03   -1.96744E+03
   59    -1.39509E+02   -2.38882E+02
   54    -2.08865E+03   +2.26225E+03
   48    +8.50017E+02   -1.98278E+02

Element # =    15     Typ = 8-K Scheibe
Knoten       F(1)           F(2)
   49    -5.18207E+02   -1.05444E+03
   60    +1.75513E+03   +2.96512E+02
   62    +2.65245E+03   +4.33935E+03
   51    -3.92271E+03   -3.70592E+03
   54    +2.08865E+03   -2.26225E+03
   61    +7.86439E+03   +9.56134E+03
   55    -1.30967E-10   +3.89264E-10
   50    -9.91970E+03   -7.17459E+03

Element # =    16     Typ = 8-K Scheibe
Knoten       F(1)           F(2)
   56    +2.57424E+03   +1.54208E+03
   67    -4.63296E+03   -2.37140E+03
   69    -7.88396E+02   -8.86283E+02
   58    +3.87283E+02   +8.84290E+02
   63    +0.00000E+00   +5.82077E-11
   68    -5.55204E+03   -4.88240E+03
   64    -2.70210E+02   +9.66762E+02
   57    +8.28208E+03   +4.74695E+03

Element # =    17     Typ = 8-K Scheibe
Knoten       F(1)           F(2)
   58    +1.49884E+03   +6.80093E+02
   69    -6.83715E+01   -6.76127E+02
   71    +7.47431E+02   +9.83833E+02
   60    -1.50032E+03   -3.61547E+02
   64    +2.70210E+02   -9.66762E+02
   70    +1.10845E+03   -1.74002E+02
   65    -2.19575E+03   +2.75631E+02
   59    +1.39509E+02   +2.38882E+02

Element # =    18     Typ = 8-K Scheibe
Knoten       F(1)           F(2)
   60    -8.64796E+02   -9.73062E+02
   71    +1.73856E+03   +8.97413E+02
   73    +1.42960E+03   +4.09472E+03
   62    -2.65245E+03   -4.33935E+03
   65    +2.19575E+03   -2.75631E+02
   72    +6.01773E+03   +1.01572E+04
   66    +4.36557E-11   +2.61934E-10
   61    -7.86439E+03   -9.56134E+03

Element # =    19     Typ = 8-K Scheibe
Knoten       F(1)           F(2)
   67    -5.82785E+02   -1.49161E+02
   78    -3.96604E+01   -1.29554E+03
   80    -5.80298E+02   -6.87765E+02
   69    +3.81289E+02   +1.03019E+03
   74    -3.63315E+03   -1.75829E+03
   79    +9.09624E+02   -2.33080E+03
   75    -2.00706E+03   +3.08962E+02
   68    +5.55204E+03   +4.88240E+03

Element # =    20     Typ = 8-K Scheibe
Knoten       F(1)           F(2)
   69    +4.75479E+02   +5.32218E+02
   80    +1.43390E+03   +1.14146E+02
   82    +9.98602E+01   +7.79976E+02
   71    -2.18986E+03   -1.26159E+03
   75    +2.00706E+03   -3.08962E+02
   81    +2.49218E+03   +1.57753E+03
   76    -3.21017E+03   -1.60732E+03
   70    -1.10845E+03   +1.74002E+02

Element # =    21     Typ = 8-K Scheibe
Knoten       F(1)           F(2)
   71    -2.96132E+02   -6.19659E+02
   82    +1.59033E+03   +1.66496E+03
   84    +4.53249E+02   +3.02896E+03
   73    -1.42960E+03   -4.09472E+03
   76    +3.21017E+03   +1.60732E+03
   83    +2.48970E+03   +8.57038E+03
   77    -1.45519E-11   -1.29330E-09
   72    -6.01773E+03   -1.01572E+04

Element # =    22     Typ = 8-K Scheibe
Knoten       F(1)           F(2)
   78    +4.62577E+02   +8.39243E+02
   89    +1.56316E+03   -3.67971E+02
   91    -6.03281E+02   -5.08105E+02
   80    -1.33059E+03   +3.27929E+01
   85    +3.84859E+03   +8.40450E+02
   90    +8.84418E+02   -2.09964E+03
   86    -3.91525E+03   -1.06757E+03
   79    -9.09624E+02   +2.33080E+03

Element # =    23     Typ = 8-K Scheibe
Knoten       F(1)           F(2)
   80    +4.76989E+02   +5.40826E+02
   91    +1.29584E+03   +5.27878E+01
   93    -2.83350E+02   +9.18913E+02
   82    -1.52908E+03   -1.60106E+03
   86    +3.91525E+03   +1.06757E+03
   92    +9.63358E+02   +1.51530E+03
   87    -2.34683E+03   -9.16806E+02
   81    -2.49218E+03   -1.57753E+03

Element # =    24     Typ = 8-K Scheibe
Knoten       F(1)           F(2)
   82    -1.61107E+02   -8.43879E+02
   93    +7.84236E+02   +1.22899E+03
   95    -1.54250E+02   +2.71739E+03
   84    -4.53249E+02   -3.02896E+03
   87    +2.34683E+03   +9.16806E+02
   94    +1.27248E+02   +7.58004E+03
   88    -8.73115E-11   +2.61934E-10
   83    -2.48970E+03   -8.57038E+03

Element # =    25     Typ = 8-K Scheibe
Knoten       F(1)           F(2)
   89    +8.27162E+02   +1.40801E+03
  100    -1.05781E+02   -5.40144E+02
  102    -3.41630E+02   -4.95429E+02
   91    -1.39070E+03   +6.78343E+01
   96    +3.57357E+03   +1.24657E+03
  101    +1.09098E+03   -2.94206E+03
   97    -2.76918E+03   -8.44422E+02
   90    -8.84418E+02   +2.09964E+03

Element # =    26     Typ = 8-K Scheibe
Knoten       F(1)           F(2)
   91    +6.98140E+02   +3.87483E+02
  102    +4.39209E+02   -2.62911E+02
  104    -5.68834E+02   +8.67930E+02
   93    -7.82426E+02   -1.19943E+03
   97    +2.76918E+03   +8.44422E+02
  103    +3.24071E+02   +9.18194E+02
   98    -1.91599E+03   -4.03894E+01
   92    -9.63358E+02   -1.51530E+03

Element # =    27     Typ = 8-K Scheibe
Knoten       F(1)           F(2)
   93    +2.81540E+02   -9.48473E+02
  104    +3.23686E+02   +8.84677E+02
  106    -8.59503E+02   +3.02012E+03
   95    +1.54250E+02   -2.71739E+03
   98    +1.91599E+03   +4.03894E+01
  105    -1.68871E+03   +7.30071E+03
   99    +8.73115E-11   -2.11003E-10
   94    -1.27248E+02   -7.58004E+03

Element # =    28     Typ = 8-K Scheibe
Knoten       F(1)           F(2)
  100    -1.28073E+03   +2.14824E+03
  111    +6.76496E+02   -8.89517E+02
  113    +3.70575E+02   -4.99093E+02
  102    -5.96524E+02   +2.97163E+02
  107    +2.91038E-11   -2.32831E-10
  112    +2.66694E+03   -2.49764E+03
  108    -7.45774E+02   -1.50121E+03
  101    -1.09098E+03   +2.94206E+03

Element # =    29     Typ = 8-K Scheibe
Knoten       F(1)           F(2)
  102    +4.98946E+02   +4.61176E+02
  113    +5.26686E+02   +2.20274E+02
  115    -2.74637E+02   +2.41123E+02
  104    -3.46191E+02   -1.21742E+03
  108    +7.45774E+02   +1.50121E+03
  114    +6.16291E+02   +9.28218E+02
  109    -1.44280E+03   -1.21639E+03
  103    -3.24071E+02   -9.18194E+02

Element # =    30     Typ = 8-K Scheibe
Knoten       F(1)           F(2)
  104    +5.91340E+02   -5.35187E+02
  115    +8.10056E-01   +1.11127E+03
  117    -1.46824E+03   +2.61911E+03
  106    +8.59503E+02   -3.02012E+03
  109    +1.44280E+03   +1.21639E+03
  116    -3.11492E+03   +5.90925E+03
  110    +5.82077E-11   -3.49246E-10
  105    +1.68871E+03   -7.30071E+03

Element # =    31     Typ = 8-K Scheibe
Knoten       F(1)           F(2)
  111    -6.76496E+02   +8.89517E+02
  122    +7.47854E+02   -3.46398E+02
  124    +6.10362E+02   -3.74578E+02
  113    -4.95751E+02   -3.91494E+02
  118    -1.81899E-11   -8.73115E-11
  123    +2.42199E+03   -5.15014E+02
  119    +5.89792E+01   -1.75967E+03
  112    -2.66694E+03   +2.49764E+03

Element # =    32     Typ = 8-K Scheibe
Knoten       F(1)           F(2)
  113    -4.01511E+02   +6.70312E+02
  124    +3.21912E+02   +4.14005E+02
  126    +1.74903E+02   +1.76198E+01
  115    -1.37865E+01   -1.17496E+03
  119    -5.89792E+01   +1.75967E+03
  125    +9.05372E+02   +1.20336E+03
  120    -3.11619E+02   -1.96179E+03
  114    -6.16291E+02   -9.28218E+02

Element # =    33     Typ = 8-K Scheibe
Knoten       F(1)           F(2)
  115    +2.87613E+02   -1.77429E+02
  126    -1.17819E+02   +9.53832E+02
  128    -2.00932E+03   +1.84185E+03
  117    +1.46824E+03   -2.61911E+03
  120    +3.11619E+02   +1.96179E+03
  127    -3.05526E+03   +3.94833E+03
  121    +1.89175E-10   +3.05590E-10
  116    +3.11492E+03   -5.90925E+03

Element # =    34     Typ = 8-K Scheibe
Knoten       F(1)           F(2)
  122    -7.47854E+02   +3.46398E+02
  133    +4.01668E+02   +1.16063E+02
  135    +6.07020E+02   +1.52051E+02
  124    -3.47620E+02   -4.21508E+02
  129    -1.16415E-10   +1.45519E-10
  134    +1.53102E+03   +5.63594E+02
  130    +9.77757E+02   -1.27161E+03
  123    -2.42199E+03   +5.15014E+02

Element # =    35     Typ = 8-K Scheibe
Knoten       F(1)           F(2)
  124    -5.84654E+02   +3.82082E+02
  135    -1.19610E+02   +5.54266E+02
  137    +5.62076E+02   +4.67734E+02
  126    +2.55026E+02   -1.08151E+03
  130    -9.77757E+02   +1.27161E+03
  136    +4.50793E+02   +1.26981E+03
  131    +1.31950E+03   -1.66064E+03
  125    -9.05372E+02   -1.20336E+03

Element # =    36     Typ = 8-K Scheibe
Knoten       F(1)           F(2)
  126    -3.12111E+02   +1.10060E+02
  137    -5.55908E+02   +1.01316E+03
  139    -1.90439E+03   +7.46419E+02
  128    +2.00932E+03   -1.84185E+03
  131    -1.31950E+03   +1.66064E+03
  138    -9.72673E+02   +2.25990E+03
  132    -1.45519E-11   -8.73115E-11
  127    +3.05526E+03   -3.94833E+03

Element # =    37     Typ = 8-K Scheibe
Knoten       F(1)           F(2)
  133    -4.01668E+02   -1.16063E+02
  144    +2.48876E+02   +3.39001E+01
  146    +2.42702E+02   +2.90302E+02
  135    +8.72478E+01   -4.40017E+02
  140    -2.91038E-11   +2.32831E-10
  145    +1.54999E+02   +5.89205E+02
  141    +1.19886E+03   +2.06267E+02
  134    -1.53102E+03   -5.63594E+02

Element # =    38     Typ = 8-K Scheibe
Knoten       F(1)           F(2)
  135    -5.74658E+02   -2.66300E+02
  146    -3.33428E+02   -3.21392E+02
  148    -5.54841E+01   +4.48599E+02
  137    +9.68767E+02   -9.05390E+02
  141    -1.19886E+03   -2.06267E+02
  147    -5.53482E+02   +6.69919E+02
  142    +2.19794E+03   +1.85065E+03
  136    -4.50793E+02   -1.26981E+03

Element # =    39     Typ = 8-K Scheibe
Knoten       F(1)           F(2)
  137    -9.74935E+02   -5.75504E+02
  148    -1.03794E+01   -1.22986E+03
  150    -3.11460E+02   +3.22458E+02
  139    +1.90439E+03   -7.46419E+02
  142    -2.19794E+03   -1.85065E+03
  149    +6.17656E+02   -8.03129E+02
  143    +0.00000E+00   +7.14300E+03
  138    +9.72673E+02   -2.25990E+03

Element # =    40     Typ = 8-K Scheibe
Knoten       F(1)           F(2)
  144    -2.48876E+02   -3.39001E+01
  155    -5.91124E+01   +3.76363E+01
  157    -3.28240E+01   +3.09778E+01
  146    +2.58933E+02   +1.74004E+02
  151    +1.16415E-10   +2.03727E-10
  156    +1.39255E+01   -1.46685E+02
  152    +2.22953E+02   +5.27172E+02
  145    -1.54999E+02   -5.89205E+02

Element # =    41     Typ = 8-K Scheibe
Knoten       F(1)           F(2)
  146    -1.68207E+02   -1.42914E+02
  157    -2.07957E+01   +1.27966E+02
  159    -5.38144E+01   +5.62165E+01
  148    -2.18517E+02   +1.07816E+03
  152    -2.22953E+02   -5.27172E+02
  158    +1.24521E+02   -2.36792E+02
  153    +6.28373E+00   +3.14455E+02
  147    +5.53482E+02   -6.69919E+02

Element # =    42     Typ = 8-K Scheibe
Knoten       F(1)           F(2)
  148    +2.84380E+02   -2.96896E+02
  159    +1.41237E+02   -2.82728E+00
  161    +6.10899E+01   -1.04820E+02
  150    +3.11460E+02   -3.22458E+02
  153    -6.28373E+00   -3.14455E+02
  160    -1.74227E+02   +2.38328E+02
  154    +5.82077E-11   -2.91038E-11
  149    -6.17656E+02   +8.03129E+02

Element # =    43     Typ = 8-K Scheibe
Knoten       F(1)           F(2)
  155    +5.91124E+01   -3.76363E+01
  166    +2.32831E-10   -3.49246E-10
  168    -9.91081E-01   -1.54661E+01
  157    +3.47797E+01   -7.45119E+01
  162    +2.32831E-10   +2.91038E-10
  167    +5.82077E-10   +9.31323E-10
  163    -7.89755E+01   -1.90705E+01
  156    -1.39255E+01   +1.46685E+02

Element # =    44     Typ = 8-K Scheibe
Knoten       F(1)           F(2)
  157    +1.88400E+01   -8.44317E+01
  168    +9.91081E-01   +1.54661E+01
  170    +9.64905E+00   +1.87282E+01
  159    -1.83042E+01   -1.38494E+02
  163    +7.89755E+01   +1.90705E+01
  169    +0.00000E+00   -4.65661E-10
  164    +3.43697E+01   -6.71305E+01
  158    -1.24521E+02   +2.36792E+02

Element # =    45     Typ = 8-K Scheibe
Knoten       F(1)           F(2)
  159    -6.91189E+01   +8.51051E+01
  170    -9.64905E+00   -1.87282E+01
  172    +4.00178E-11   +0.00000E+00
  161    -6.10899E+01   +1.04820E+02
  164    -3.43697E+01   +6.71305E+01
  171    +1.67347E-10   +2.32831E-09
  165    -2.91038E-11   -1.74623E-10
  160    +1.74227E+02   -2.38328E+02

Element # =    46     Typ = 8-K Scheibe
Knoten       F(1)           F(2)
   67    +5.21574E+03   +2.52056E+03
  177    -1.12620E+03   +6.04767E+02
  179    -1.78002E+02   +3.96032E+02
   78    -3.16471E+02   -1.37738E+03
  173    +2.91038E-11   +8.00355E-10
  178    -5.50519E+03   +3.62036E+02
  174    -1.72302E+03   -4.26431E+03
   74    +3.63315E+03   +1.75829E+03

Element # =    47     Typ = 8-K Scheibe
Knoten       F(1)           F(2)
   78    -1.06446E+02   +1.83367E+03
  179    -3.90634E+02   +3.55390E+02
  181    +6.66125E+02   -3.53956E+02
   89    -7.10884E+01   -1.61060E+03
  174    +1.72302E+03   +4.26431E+03
  180    -4.29198E+02   +1.29716E+02
  175    +2.45681E+03   -3.77809E+03
   85    -3.84859E+03   -8.40450E+02

Element # =    48     Typ = 8-K Scheibe
Knoten       F(1)           F(2)
   89    -2.31923E+03   +5.70562E+02
  181    +6.69182E+02   -4.94767E+01
  183    +2.11502E+03   -7.46970E+02
  100    +1.38651E+03   -1.60809E+03
  175    -2.45681E+03   +3.77809E+03
  182    +4.17890E+03   -6.97539E+02
  176    -4.36557E-11   +2.47383E-10
   96    -3.57357E+03   -1.24657E+03

Element # =    49     Typ = 8-K Scheibe
Knoten       F(1)           F(2)
  177    +1.12620E+03   -6.04767E+02
  188    -1.86749E+03   +2.75445E+02
  190    -6.87673E+02   +1.39023E+02
  179    +1.05229E+02   -7.27805E+02
  184    -2.91038E-11   +3.63798E-10
  189    -4.21241E+03   +1.36512E+03
  185    +3.09581E+01   -8.49780E+01
  178    +5.50519E+03   -3.62036E+02

Element # =    50     Typ = 8-K Scheibe
Knoten       F(1)           F(2)
  179    +4.63406E+02   -2.36166E+01
  190    -6.25280E+02   +1.26706E+02
  192    +5.29486E+02   -7.23105E+01
  181    -6.43541E+02   +4.36680E+01
  185    -3.09581E+01   +8.49780E+01
  191    -4.23609E+01   -4.85118E+01
  186    -7.99493E+01   +1.88024E+01
  180    +4.29198E+02   -1.29716E+02

Element # =    51     Typ = 8-K Scheibe
Knoten       F(1)           F(2)
  181    -6.91766E+02   +3.59765E+02
  192    +5.70604E+02   -1.07775E+02
  194    +1.77386E+03   -2.73662E+02
  183    -2.11502E+03   +7.46970E+02
  186    +7.99493E+01   -1.88024E+01
  193    +4.56127E+03   -1.40403E+03
  187    +4.36557E-11   +5.82077E-11
  182    -4.17890E+03   +6.97539E+02

Element # =    52     Typ = 8-K Scheibe
Knoten       F(1)           F(2)
  188    +1.86749E+03   -2.75445E+02
  199    -1.68183E+03   +4.67498E+02
  201    -4.23598E+02   +1.68537E+02
  190    +7.38483E+02   -7.24728E+01
  195    +0.00000E+00   -6.18456E-11
  200    -4.73374E+03   +1.14056E+03
  196    +2.07726E+01   -6.35605E+01
  189    +4.21241E+03   -1.36512E+03

Element # =    53     Typ = 8-K Scheibe
Knoten       F(1)           F(2)
  190    +5.74470E+02   -1.93256E+02
  201    -5.73147E+02   +1.27134E+02
  203    +3.95296E+02   -3.08272E+02
  192    -5.36253E+02   +1.02955E+02
  196    -2.07726E+01   +6.35605E+01
  202    +1.45385E+02   +1.27032E+02
  197    -2.73380E+01   +3.23354E+01
  191    +4.23609E+01   +4.85118E+01

Element # =    54     Typ = 8-K Scheibe
Knoten       F(1)           F(2)
  192    -5.63836E+02   +7.71302E+01
  203    +2.89990E+02   -3.44788E+02
  205    +1.40088E+03   -5.78893E+02
  194    -1.77386E+03   +2.73662E+02
  197    +2.73380E+01   -3.23354E+01
  204    +5.18076E+03   -7.98810E+02
  198    -1.09139E-11   +7.27596E-12
  193    -4.56127E+03   +1.40403E+03

Element # =    55     Typ = 8-K Scheibe
Knoten       F(1)           F(2)
  199    +1.68183E+03   -4.67498E+02
  210    -1.52467E+03   +3.72733E+02
  212    -1.09049E+03   +2.30620E+02
  201    +5.78940E+02   -1.82973E+02
  206    +1.09139E-11   -1.81899E-12
  211    -3.88938E+03   +4.14283E+02
  207    -4.89963E+02   +7.73397E+02
  200    +4.73374E+03   -1.14056E+03

Element # =    56     Typ = 8-K Scheibe
Knoten       F(1)           F(2)
  201    +4.17805E+02   -1.12698E+02
  212    -1.85396E+02   -5.43464E+02
  214    +3.01163E+00   +5.46789E+02
  203    -6.45410E+02   +1.39510E+02
  207    +4.89963E+02   -7.73397E+02
  213    -7.88743E+02   -5.41263E+02
  208    +8.54154E+02   +1.41155E+03
  202    -1.45385E+02   -1.27032E+02

Element # =    57     Typ = 8-K Scheibe
Knoten       F(1)           F(2)
  203    -3.98761E+01   +5.13550E+02
  214    +5.99448E+02   -7.31163E+02
  216    +5.17591E+03   +1.86119E+03
  205    -1.40088E+03   +5.78893E+02
  208    -8.54154E+02   -1.41155E+03
  215    +1.70031E+03   -1.60972E+03
  209    +3.63798E-12   +2.72848E-12
  204    -5.18076E+03   +7.98810E+02

Element # =    58     Typ = 8-K Scheibe
Knoten       F(1)           F(2)
  210    +1.52467E+03   -3.72733E+02
  221    -4.08386E+02   +1.43673E+02
  223    -8.65824E+02   -1.37351E+02
  212    -2.88943E+01   +4.89338E+02
  217    -3.18323E-12   -2.95586E-12
  222    -1.68747E+03   -1.30225E+02
  218    -2.42348E+03   +4.21582E+02
  211    +3.88938E+03   -4.14283E+02

Element # =    59     Typ = 8-K Scheibe
Knoten       F(1)           F(2)
  212    +1.30478E+03   -1.76494E+02
  223    +2.68372E+02   +5.96002E+00
  225    -8.36682E+02   -3.68130E+02
  214    -8.34170E+02   +1.18690E+03
  218    +2.42348E+03   -4.21582E+02
  224    -8.40075E+02   -7.12670E+02
  219    -2.27445E+03   -5.52509E+01
  213    +7.88743E+02   +5.41263E+02

Element # =    60     Typ = 8-K Scheibe
Knoten       F(1)           F(2)
  214    +2.31710E+02   -1.00253E+03
  225    +7.01435E+02   -5.51236E+01
  227    -5.65427E+02   -7.36968E+02
  216    +5.19460E+02   +1.29007E+02
  219    +2.27445E+03   +5.52509E+01
  226    -5.12353E+02   -2.97693E+02
  220    -9.48962E+02   +2.98333E+02
  215    -1.70031E+03   +1.60972E+03

Element # =    61     Typ = 8-K Scheibe
Knoten       F(1)           F(2)
  221    +4.08386E+02   -1.43673E+02
  232    -1.17088E+02   -1.40814E+00
  234    -3.05615E+02   -3.53166E+01
  223    -1.67464E+02   +5.91128E+01
  228    -7.38964E-13   +7.95808E-13
  233    -3.88154E+02   -2.65423E+01
  229    -1.11753E+03   +1.76024E+01
  222    +1.68747E+03   +1.30225E+02

Element # =    62     Typ = 8-K Scheibe
Knoten       F(1)           F(2)
  223    +7.64916E+02   +7.22786E+01
  234    +6.67920E+01   -7.76169E+01
  236    -3.29223E+02   -9.32962E+01
  225    -4.43391E+02   -1.07106E+01
  229    +1.11753E+03   -1.76024E+01
  235    -4.28903E+02   -2.50358E+02
  230    -1.58780E+03   -3.35364E+02
  224    +8.40075E+02   +7.12670E+02

Element # =    63     Typ = 8-K Scheibe
Knoten       F(1)           F(2)
  225    +5.78638E+02   +4.33965E+02
  236    +1.73695E+02   -1.90600E+00
  238    -3.84541E+02   -1.18532E+02
  227    -4.98951E+02   +1.07734E+02
  230    +1.58780E+03   +3.35364E+02
  237    -2.71734E+02   -4.80087E+02
  231    -1.69726E+03   -5.74232E+02
  226    +5.12353E+02   +2.97693E+02

Element # =    64     Typ = 8-K Scheibe
Knoten       F(1)           F(2)
  232    +1.17088E+02   +1.40814E+00
  243    -1.47793E-12   +7.95808E-13
  245    -2.25446E+01   -3.00024E+01
  234    -5.79251E+01   +7.97385E+01
  239    -1.70530E-13   +4.26326E-14
  244    -1.13687E-13   +2.27374E-13
  240    -4.24773E+02   -7.76866E+01
  233    +3.88154E+02   +2.65423E+01

Element # =    65     Typ = 8-K Scheibe
Knoten       F(1)           F(2)
  234    +2.96748E+02   +3.31949E+01
  245    +2.25446E+01   +3.00024E+01
  247    -1.29530E+02   -1.91272E+02
  236    -1.97590E+02   +9.24822E+01
  240    +4.24773E+02   +7.76866E+01
  246    +2.21689E-12   -5.68434E-13
  241    -8.45849E+02   -2.92452E+02
  235    +4.28903E+02   +2.50358E+02

Element # =    66     Typ = 8-K Scheibe
Knoten       F(1)           F(2)
  236    +3.53118E+02   +2.71998E+00
  247    +1.29530E+02   +1.91272E+02
  249    -3.67413E+02   -4.85317E+02
  238    -2.80521E+02   +1.04531E+01
  241    +8.45849E+02   +2.92452E+02
  248    -8.06466E-13   -1.59162E-12
  242    -9.52298E+02   -4.91666E+02
  237    +2.71734E+02   +4.80087E+02

Die aufsummierten Knotenkraefte je Knoten
-----------------------------------------

Knoten       F(1)           F(2)           F(3)           F(4)           F(5)           F(6)

    1    +1.16415E-10   -4.65661E-10   +0.00000E+00   +0.00000E+00   +0.00000E+00   +0.00000E+00
    2    +2.32831E-10   -2.79397E-09   +0.00000E+00   +0.00000E+00   +0.00000E+00   +0.00000E+00
    3    -1.74623E-10   +2.32831E-09   +0.00000E+00   +0.00000E+00   +0.00000E+00   +0.00000E+00
    4    +1.16415E-10   +0.00000E+00   +0.00000E+00   +0.00000E+00   +0.00000E+00   +0.00000E+00
    5    +5.82077E-11   +2.32831E-09   +0.00000E+00   +0.00000E+00   +0.00000E+00   +0.00000E+00
    6    -5.82077E-11   +0.00000E+00   +0.00000E+00   +0.00000E+00   +0.00000E+00   +0.00000E+00
    7    -7.27596E-11   +1.86265E-09   +0.00000E+00   +0.00000E+00   +0.00000E+00   +0.00000E+00
    8    -4.65661E-10   -2.32831E-10   +0.00000E+00   +0.00000E+00   +0.00000E+00   +0.00000E+00
    9    +3.49246E-10   -5.82077E-10   +0.00000E+00   +0.00000E+00   +0.00000E+00   +0.00000E+00
   10    -1.74623E-10   -1.51340E-09   +0.00000E+00   +0.00000E+00   +0.00000E+00   +0.00000E+00
   11    -2.91038E-10   -7.14300E+03   +0.00000E+00   +0.00000E+00   +0.00000E+00   +0.00000E+00
   12    -2.03727E-10   +4.65661E-10   +0.00000E+00   +0.00000E+00   +0.00000E+00   +0.00000E+00
   13    -9.89530E-10   +0.00000E+00   +0.00000E+00   +0.00000E+00   +0.00000E+00   +0.00000E+00
   14    -4.36557E-10   -2.32831E-10   +0.00000E+00   +0.00000E+00   +0.00000E+00   +0.00000E+00
   15    +5.82077E-11   +0.00000E+00   +0.00000E+00   +0.00000E+00   +0.00000E+00   +0.00000E+00
   16    -5.23869E-10   -1.39698E-09   +0.00000E+00   +0.00000E+00   +0.00000E+00   +0.00000E+00
   17    -2.18279E-10   +9.31323E-09   +0.00000E+00   +0.00000E+00   +0.00000E+00   +0.00000E+00
   18    -5.82077E-11   +3.25963E-09   +0.00000E+00   +0.00000E+00   +0.00000E+00   +0.00000E+00
   19    +0.00000E+00   -5.23869E-10   +0.00000E+00   +0.00000E+00   +0.00000E+00   +0.00000E+00
   20    +5.82077E-10   +2.32831E-10   +0.00000E+00   +0.00000E+00   +0.00000E+00   +0.00000E+00
   21    -1.16415E-10   +4.07454E-10   +0.00000E+00   +0.00000E+00   +0.00000E+00   +0.00000E+00
   22    +0.00000E+00   +3.20142E-10   +0.00000E+00   +0.00000E+00   +0.00000E+00   +0.00000E+00
   23    +5.82077E-11   +0.00000E+00   +0.00000E+00   +0.00000E+00   +0.00000E+00   +0.00000E+00
   24    -5.23869E-10   -2.79397E-09   +0.00000E+00   +0.00000E+00   +0.00000E+00   +0.00000E+00
   25    -6.62112E-10   -3.02680E-09   +0.00000E+00   +0.00000E+00   +0.00000E+00   +0.00000E+00
   26    +2.91038E-10   +4.65661E-10   +0.00000E+00   +0.00000E+00   +0.00000E+00   +0.00000E+00
   27    -2.61934E-10   +2.79397E-09   +0.00000E+00   +0.00000E+00   +0.00000E+00   +0.00000E+00
   28    -1.30967E-10   -1.39698E-09   +0.00000E+00   +0.00000E+00   +0.00000E+00   +0.00000E+00
   29    +2.47383E-10   -9.31323E-10   +0.00000E+00   +0.00000E+00   +0.00000E+00   +0.00000E+00
   30    +1.74623E-10   -8.73115E-11   +0.00000E+00   +0.00000E+00   +0.00000E+00   +0.00000E+00
   31    +1.16415E-10   +3.63798E-10   +0.00000E+00   +0.00000E+00   +0.00000E+00   +0.00000E+00
   32    -5.82077E-11   -1.01863E-10   +0.00000E+00   +0.00000E+00   +0.00000E+00   +0.00000E+00
   33    -5.82077E-11   -4.22006E-10   +0.00000E+00   +0.00000E+00   +0.00000E+00   +0.00000E+00
   34    +1.81899E-11   +8.14907E-10   +0.00000E+00   +0.00000E+00   +0.00000E+00   +0.00000E+00
   35    -8.73115E-11   +3.95812E-09   +0.00000E+00   +0.00000E+00   +0.00000E+00   +0.00000E+00
   36    -3.20142E-10   -8.14907E-10   +0.00000E+00   +0.00000E+00   +0.00000E+00   +0.00000E+00
   37    +2.91038E-11   -1.86265E-09   +0.00000E+00   +0.00000E+00   +0.00000E+00   +0.00000E+00
   38    -3.63798E-11   +0.00000E+00   +0.00000E+00   +0.00000E+00   +0.00000E+00   +0.00000E+00
   39    -2.91038E-11   -6.98492E-10   +0.00000E+00   +0.00000E+00   +0.00000E+00   +0.00000E+00
   40    +1.16415E-10   -5.23869E-10   +0.00000E+00   +0.00000E+00   +0.00000E+00   +0.00000E+00
   41    +0.00000E+00   -2.20098E-10   +0.00000E+00   +0.00000E+00   +0.00000E+00   +0.00000E+00
   42    +1.45519E-10   +1.20053E-10   +0.00000E+00   +0.00000E+00   +0.00000E+00   +0.00000E+00
   43    -1.45519E-10   -6.91216E-10   +0.00000E+00   +0.00000E+00   +0.00000E+00   +0.00000E+00
   44    -8.73115E-11   -8.73115E-11   +0.00000E+00   +0.00000E+00   +0.00000E+00   +0.00000E+00
   45    +2.18279E-10   +5.82077E-10   +0.00000E+00   +0.00000E+00   +0.00000E+00   +0.00000E+00
   46    -2.91038E-10   +3.02680E-09   +0.00000E+00   +0.00000E+00   +0.00000E+00   +0.00000E+00
   47    +2.72848E-10   -4.07454E-10   +0.00000E+00   +0.00000E+00   +0.00000E+00   +0.00000E+00
   48    -2.03727E-10   -1.16415E-10   +0.00000E+00   +0.00000E+00   +0.00000E+00   +0.00000E+00
   49    -2.00089E-10   -7.27596E-10   +0.00000E+00   +0.00000E+00   +0.00000E+00   +0.00000E+00
   50    +2.18279E-10   +9.89530E-10   +0.00000E+00   +0.00000E+00   +0.00000E+00   +0.00000E+00
   51    -7.27596E-12   +4.94765E-10   +0.00000E+00   +0.00000E+00   +0.00000E+00   +0.00000E+00
   52    +1.16415E-10   -2.91038E-11   +0.00000E+00   +0.00000E+00   +0.00000E+00   +0.00000E+00
   53    -2.91038E-10   -4.22006E-10   +0.00000E+00   +0.00000E+00   +0.00000E+00   +0.00000E+00
   54    -1.60071E-10   -1.35333E-09   +0.00000E+00   +0.00000E+00   +0.00000E+00   +0.00000E+00
   55    -1.30967E-10   +3.89264E-10   +0.00000E+00   +0.00000E+00   +0.00000E+00   +0.00000E+00
   56    +1.45519E-10   +3.49246E-10   +0.00000E+00   +0.00000E+00   +0.00000E+00   +0.00000E+00
   57    -8.73115E-11   +1.16415E-10   +0.00000E+00   +0.00000E+00   +0.00000E+00   +0.00000E+00
   58    +1.09139E-10   -9.89530E-10   +0.00000E+00   +0.00000E+00   +0.00000E+00   +0.00000E+00
   59    +4.07454E-10   +5.82077E-10   +0.00000E+00   +0.00000E+00   +0.00000E+00   +0.00000E+00
   60    +1.52795E-10   +4.65661E-10   +0.00000E+00   +0.00000E+00   +0.00000E+00   +0.00000E+00
   61    -8.73115E-11   +1.74623E-10   +0.00000E+00   +0.00000E+00   +0.00000E+00   +0.00000E+00
   62    -1.45519E-10   -2.47383E-10   +0.00000E+00   +0.00000E+00   +0.00000E+00   +0.00000E+00
   63    +0.00000E+00   +5.82077E-11   +0.00000E+00   +0.00000E+00   +0.00000E+00   +0.00000E+00
   64    -4.45652E-10   +8.73115E-10   +0.00000E+00   +0.00000E+00   +0.00000E+00   +0.00000E+00
   65    -2.11003E-10   +0.00000E+00   +0.00000E+00   +0.00000E+00   +0.00000E+00   +0.00000E+00
   66    +4.36557E-11   +2.61934E-10   +0.00000E+00   +0.00000E+00   +0.00000E+00   +0.00000E+00
   67    +6.54836E-11   +5.82077E-11   +0.00000E+00   +0.00000E+00   +0.00000E+00   +0.00000E+00
   68    +1.09139E-10   +1.60071E-10   +0.00000E+00   +0.00000E+00   +0.00000E+00   +0.00000E+00
   69    +8.27640E-11   +1.10595E-09   +0.00000E+00   +0.00000E+00   +0.00000E+00   +0.00000E+00
   70    -5.09317E-11   +1.74623E-10   +0.00000E+00   +0.00000E+00   +0.00000E+00   +0.00000E+00
   71    +1.66892E-10   -8.29459E-10   +0.00000E+00   +0.00000E+00   +0.00000E+00   +0.00000E+00
   72    -1.34605E-10   +5.82077E-11   +0.00000E+00   +0.00000E+00   +0.00000E+00   +0.00000E+00
   73    +1.58252E-10   +1.45519E-11   +0.00000E+00   +0.00000E+00   +0.00000E+00   +0.00000E+00
   74    -1.40062E-10   -1.60071E-10   +0.00000E+00   +0.00000E+00   +0.00000E+00   +0.00000E+00
   75    +1.45519E-10   +7.05768E-10   +0.00000E+00   +0.00000E+00   +0.00000E+00   +0.00000E+00
   76    -1.89175E-10   +8.34007E-10   +0.00000E+00   +0.00000E+00   +0.00000E+00   +0.00000E+00
   77    -1.45519E-11   -1.29330E-09   +0.00000E+00   +0.00000E+00   +0.00000E+00   +0.00000E+00
   78    -1.70985E-10   -5.96629E-10   +0.00000E+00   +0.00000E+00   +0.00000E+00   +0.00000E+00
   79    +0.00000E+00   +2.27374E-11   +0.00000E+00   +0.00000E+00   +0.00000E+00   +0.00000E+00
   80    +4.18368E-11   +2.03727E-10   +0.00000E+00   +0.00000E+00   +0.00000E+00   +0.00000E+00
   81    +1.34605E-10   +1.45519E-10   +0.00000E+00   +0.00000E+00   +0.00000E+00   +0.00000E+00
   82    -1.18234E-10   +4.80213E-10   +0.00000E+00   +0.00000E+00   +0.00000E+00   +0.00000E+00
   83    +7.27596E-12   +3.78350E-10   +0.00000E+00   +0.00000E+00   +0.00000E+00   +0.00000E+00
   84    +1.96451E-10   -2.76486E-10   +0.00000E+00   +0.00000E+00   +0.00000E+00   +0.00000E+00
   85    +1.45519E-11   -7.98536E-10   +0.00000E+00   +0.00000E+00   +0.00000E+00   +0.00000E+00
   86    -7.27596E-11   +8.82210E-10   +0.00000E+00   +0.00000E+00   +0.00000E+00   +0.00000E+00
   87    -1.30967E-10   -6.49379E-10   +0.00000E+00   +0.00000E+00   +0.00000E+00   +0.00000E+00
   88    -8.73115E-11   +2.61934E-10   +0.00000E+00   +0.00000E+00   +0.00000E+00   +0.00000E+00
   89    -1.07320E-10   -1.45519E-11   +0.00000E+00   +0.00000E+00   +0.00000E+00   +0.00000E+00
   90    +3.71074E-10   +2.99224E-10   +0.00000E+00   +0.00000E+00   +0.00000E+00   +0.00000E+00
   91    -2.29193E-10   +4.22006E-10   +0.00000E+00   +0.00000E+00   +0.00000E+00   +0.00000E+00
   92    +4.54747E-10   -1.74623E-10   +0.00000E+00   +0.00000E+00   +0.00000E+00   +0.00000E+00
   93    +1.30967E-10   +5.82077E-10   +0.00000E+00   +0.00000E+00   +0.00000E+00   +0.00000E+00
   94    -2.76486E-10   +2.91038E-10   +0.00000E+00   +0.00000E+00   +0.00000E+00   +0.00000E+00
   95    -1.67347E-10   +6.83940E-10   +0.00000E+00   +0.00000E+00   +0.00000E+00   +0.00000E+00
   96    -8.73115E-11   +1.45519E-11   +0.00000E+00   +0.00000E+00   +0.00000E+00   +0.00000E+00
   97    +2.03727E-10   -3.47427E-10   +0.00000E+00   +0.00000E+00   +0.00000E+00   +0.00000E+00
   98    +2.03727E-10   -1.43700E-10   +0.00000E+00   +0.00000E+00   +0.00000E+00   +0.00000E+00
   99    +8.73115E-11   -2.11003E-10   +0.00000E+00   +0.00000E+00   +0.00000E+00   +0.00000E+00
  100    -3.45608E-11   -5.09317E-10   +0.00000E+00   +0.00000E+00   +0.00000E+00   +0.00000E+00
  101    -4.58385E-10   +6.82121E-10   +0.00000E+00   +0.00000E+00   +0.00000E+00   +0.00000E+00
  102    -2.80124E-10   +1.30967E-10   +0.00000E+00   +0.00000E+00   +0.00000E+00   +0.00000E+00
  103    -1.77351E-10   +7.42148E-10   +0.00000E+00   +0.00000E+00   +0.00000E+00   +0.00000E+00
  104    -1.89175E-10   +9.31323E-10   +0.00000E+00   +0.00000E+00   +0.00000E+00   +0.00000E+00
  105    +2.76486E-10   -2.91038E-10   +0.00000E+00   +0.00000E+00   +0.00000E+00   +0.00000E+00
  106    +1.45519E-10   +1.45519E-11   +0.00000E+00   +0.00000E+00   +0.00000E+00   +0.00000E+00
  107    +2.91038E-11   -2.32831E-10   +0.00000E+00   +0.00000E+00   +0.00000E+00   +0.00000E+00
  108    +4.36557E-11   -3.49246E-10   +0.00000E+00   +0.00000E+00   +0.00000E+00   +0.00000E+00
  109    +2.32831E-10   -9.89530E-10   +0.00000E+00   +0.00000E+00   +0.00000E+00   +0.00000E+00
  110    +5.82077E-11   -3.49246E-10   +0.00000E+00   +0.00000E+00   +0.00000E+00   +0.00000E+00
  111    +1.45519E-11   -2.91038E-11   +0.00000E+00   +0.00000E+00   +0.00000E+00   +0.00000E+00
  112    -3.49246E-10   +6.69388E-10   +0.00000E+00   +0.00000E+00   +0.00000E+00   +0.00000E+00
  113    +1.45519E-10   -3.20142E-10   +0.00000E+00   +0.00000E+00   +0.00000E+00   +0.00000E+00
  114    +1.74623E-10   +1.32422E-09   +0.00000E+00   +0.00000E+00   +0.00000E+00   +0.00000E+00
  115    -2.91038E-10   -8.73115E-11   +0.00000E+00   +0.00000E+00   +0.00000E+00   +0.00000E+00
  116    +2.91038E-11   -3.78350E-10   +0.00000E+00   +0.00000E+00   +0.00000E+00   +0.00000E+00
  117    -1.90994E-11   +1.74623E-10   +0.00000E+00   +0.00000E+00   +0.00000E+00   +0.00000E+00
  118    -1.81899E-11   -8.73115E-11   +0.00000E+00   +0.00000E+00   +0.00000E+00   +0.00000E+00
  119    +2.58296E-10   -4.65661E-10   +0.00000E+00   +0.00000E+00   +0.00000E+00   +0.00000E+00
  120    +0.00000E+00   -2.03727E-10   +0.00000E+00   +0.00000E+00   +0.00000E+00   +0.00000E+00
  121    +1.89175E-10   +3.05590E-10   +0.00000E+00   +0.00000E+00   +0.00000E+00   +0.00000E+00
  122    +6.98492E-10   -5.23869E-10   +0.00000E+00   +0.00000E+00   +0.00000E+00   +0.00000E+00
  123    +1.16415E-10   -5.82077E-11   +0.00000E+00   +0.00000E+00   +0.00000E+00   +0.00000E+00
  124    +4.80213E-10   -1.16415E-10   +0.00000E+00   +0.00000E+00   +0.00000E+00   +0.00000E+00
  125    +5.82077E-10   +0.00000E+00   +0.00000E+00   +0.00000E+00   +0.00000E+00   +0.00000E+00
  126    -3.60160E-10   -1.01863E-09   +0.00000E+00   +0.00000E+00   +0.00000E+00   +0.00000E+00
  127    -2.61934E-10   -1.74623E-10   +0.00000E+00   +0.00000E+00   +0.00000E+00   +0.00000E+00
  128    +2.91038E-11   +3.92902E-10   +0.00000E+00   +0.00000E+00   +0.00000E+00   +0.00000E+00
  129    -1.16415E-10   +1.45519E-10   +0.00000E+00   +0.00000E+00   +0.00000E+00   +0.00000E+00
  130    -3.63798E-10   -5.82077E-11   +0.00000E+00   +0.00000E+00   +0.00000E+00   +0.00000E+00
  131    -3.05590E-10   -5.52973E-10   +0.00000E+00   +0.00000E+00   +0.00000E+00   +0.00000E+00
  132    -1.45519E-11   -8.73115E-11   +0.00000E+00   +0.00000E+00   +0.00000E+00   +0.00000E+00
  133    -2.61934E-10   -9.31323E-10   +0.00000E+00   +0.00000E+00   +0.00000E+00   +0.00000E+00
  134    -3.05590E-10   -1.04774E-09   +0.00000E+00   +0.00000E+00   +0.00000E+00   +0.00000E+00
  135    +1.28239E-10   +0.00000E+00   +0.00000E+00   +0.00000E+00   +0.00000E+00   +0.00000E+00
  136    -3.20142E-10   +2.91038E-10   +0.00000E+00   +0.00000E+00   +0.00000E+00   +0.00000E+00
  137    -1.85537E-10   -6.11180E-10   +0.00000E+00   +0.00000E+00   +0.00000E+00   +0.00000E+00
  138    +1.60071E-10   +2.03727E-10   +0.00000E+00   +0.00000E+00   +0.00000E+00   +0.00000E+00
  139    +5.82077E-11   -4.36557E-10   +0.00000E+00   +0.00000E+00   +0.00000E+00   +0.00000E+00
  140    -2.91038E-11   +2.32831E-10   +0.00000E+00   +0.00000E+00   +0.00000E+00   +0.00000E+00
  141    -2.32831E-10   +4.07454E-10   +0.00000E+00   +0.00000E+00   +0.00000E+00   +0.00000E+00
  142    +5.82077E-11   -6.54836E-11   +0.00000E+00   +0.00000E+00   +0.00000E+00   +0.00000E+00
  143    +0.00000E+00   +7.14300E+03   +0.00000E+00   +0.00000E+00   +0.00000E+00   +0.00000E+00
  144    +2.98314E-10   +7.56700E-10   +0.00000E+00   +0.00000E+00   +0.00000E+00   +0.00000E+00
  145    -1.45519E-11   -1.62981E-09   +0.00000E+00   +0.00000E+00   +0.00000E+00   +0.00000E+00
  146    +1.18632E-10   -1.10595E-09   +0.00000E+00   +0.00000E+00   +0.00000E+00   +0.00000E+00
  147    -2.91038E-11   -4.65661E-10   +0.00000E+00   +0.00000E+00   +0.00000E+00   +0.00000E+00
  148    +3.46290E-10   +4.07454E-10   +0.00000E+00   +0.00000E+00   +0.00000E+00   +0.00000E+00
  149    +7.27596E-11   +9.31323E-10   +0.00000E+00   +0.00000E+00   +0.00000E+00   +0.00000E+00
  150    -2.47383E-10   +8.14907E-10   +0.00000E+00   +0.00000E+00   +0.00000E+00   +0.00000E+00
  151    +1.16415E-10   +2.03727E-10   +0.00000E+00   +0.00000E+00   +0.00000E+00   +0.00000E+00
  152    +2.61934E-10   -4.07454E-10   +0.00000E+00   +0.00000E+00   +0.00000E+00   +0.00000E+00
  153    -3.49246E-10   +8.73115E-11   +0.00000E+00   +0.00000E+00   +0.00000E+00   +0.00000E+00
  154    +5.82077E-11   -2.91038E-11   +0.00000E+00   +0.00000E+00   +0.00000E+00   +0.00000E+00
  155    -2.47383E-10   -1.39698E-09   +0.00000E+00   +0.00000E+00   +0.00000E+00   +0.00000E+00
  156    +4.36557E-11   -1.62981E-09   +0.00000E+00   +0.00000E+00   +0.00000E+00   +0.00000E+00
  157    -4.22688E-10   +2.32831E-10   +0.00000E+00   +0.00000E+00   +0.00000E+00   +0.00000E+00
  158    -2.61934E-10   -4.65661E-10   +0.00000E+00   +0.00000E+00   +0.00000E+00   +0.00000E+00
  159    +4.40195E-10   +3.20142E-09   +0.00000E+00   +0.00000E+00   +0.00000E+00   +0.00000E+00
  160    +1.89175E-10   +1.16415E-10   +0.00000E+00   +0.00000E+00   +0.00000E+00   +0.00000E+00
  161    +1.78261E-10   +7.56700E-10   +0.00000E+00   +0.00000E+00   +0.00000E+00   +0.00000E+00
  162    +2.32831E-10   +2.91038E-10   +0.00000E+00   +0.00000E+00   +0.00000E+00   +0.00000E+00
  163    -2.91038E-11   +7.56700E-10   +0.00000E+00   +0.00000E+00   +0.00000E+00   +0.00000E+00
  164    -1.74623E-10   +3.49246E-10   +0.00000E+00   +0.00000E+00   +0.00000E+00   +0.00000E+00
  165    -2.91038E-11   -1.74623E-10   +0.00000E+00   +0.00000E+00   +0.00000E+00   +0.00000E+00
  166    +2.32831E-10   -3.49246E-10   +0.00000E+00   +0.00000E+00   +0.00000E+00   +0.00000E+00
  167    +5.82077E-10   +9.31323E-10   +0.00000E+00   +0.00000E+00   +0.00000E+00   +0.00000E+00
  168    +5.23869E-10   +0.00000E+00   +0.00000E+00   +0.00000E+00   +0.00000E+00   +0.00000E+00
  169    +0.00000E+00   -4.65661E-10   +0.00000E+00   +0.00000E+00   +0.00000E+00   +0.00000E+00
  170    +1.03682E-10   +1.16415E-09   +0.00000E+00   +0.00000E+00   +0.00000E+00   +0.00000E+00
  171    +1.67347E-10   +2.32831E-09   +0.00000E+00   +0.00000E+00   +0.00000E+00   +0.00000E+00
  172    +4.00178E-11   +0.00000E+00   +0.00000E+00   +0.00000E+00   +0.00000E+00   +0.00000E+00
  173    +2.91038E-11   +8.00355E-10   +0.00000E+00   +0.00000E+00   +0.00000E+00   +0.00000E+00
  174    +2.32831E-10   +2.45564E-10   +0.00000E+00   +0.00000E+00   +0.00000E+00   +0.00000E+00
  175    +2.03727E-10   -1.52795E-10   +0.00000E+00   +0.00000E+00   +0.00000E+00   +0.00000E+00
  176    -4.36557E-11   +2.47383E-10   +0.00000E+00   +0.00000E+00   +0.00000E+00   +0.00000E+00
  177    +1.20508E-11   +8.14907E-10   +0.00000E+00   +0.00000E+00   +0.00000E+00   +0.00000E+00
  178    +2.11003E-10   +3.49246E-10   +0.00000E+00   +0.00000E+00   +0.00000E+00   +0.00000E+00
  179    +1.81899E-10   -9.31323E-10   +0.00000E+00   +0.00000E+00   +0.00000E+00   +0.00000E+00
  180    +2.76486E-10   +0.00000E+00   +0.00000E+00   +0.00000E+00   +0.00000E+00   +0.00000E+00
  181    +5.60249E-10   -3.49246E-10   +0.00000E+00   +0.00000E+00   +0.00000E+00   +0.00000E+00
  182    -8.73115E-11   -1.97906E-09   +0.00000E+00   +0.00000E+00   +0.00000E+00   +0.00000E+00
  183    -9.45874E-11   -9.31323E-10   +0.00000E+00   +0.00000E+00   +0.00000E+00   +0.00000E+00
  184    -2.91038E-11   +3.63798E-10   +0.00000E+00   +0.00000E+00   +0.00000E+00   +0.00000E+00
  185    -1.45519E-11   -1.81899E-10   +0.00000E+00   +0.00000E+00   +0.00000E+00   +0.00000E+00
  186    +5.82077E-11   -1.74623E-10   +0.00000E+00   +0.00000E+00   +0.00000E+00   +0.00000E+00
  187    +4.36557E-11   +5.82077E-11   +0.00000E+00   +0.00000E+00   +0.00000E+00   +0.00000E+00
  188    +0.00000E+00   -1.74623E-10   +0.00000E+00   +0.00000E+00   +0.00000E+00   +0.00000E+00
  189    -1.45519E-11   +2.32831E-10   +0.00000E+00   +0.00000E+00   +0.00000E+00   +0.00000E+00
  190    +2.54659E-11   -1.74623E-10   +0.00000E+00   +0.00000E+00   +0.00000E+00   +0.00000E+00
  191    +1.01863E-10   +0.00000E+00   +0.00000E+00   +0.00000E+00   +0.00000E+00   +0.00000E+00
  192    +2.18279E-11   +2.91038E-10   +0.00000E+00   +0.00000E+00   +0.00000E+00   +0.00000E+00
  193    -1.45519E-11   +5.82077E-10   +0.00000E+00   +0.00000E+00   +0.00000E+00   +0.00000E+00
  194    +1.12777E-10   +5.82077E-11   +0.00000E+00   +0.00000E+00   +0.00000E+00   +0.00000E+00
  195    +0.00000E+00   -6.18456E-11   +0.00000E+00   +0.00000E+00   +0.00000E+00   +0.00000E+00
  196    -7.27596E-12   -2.91038E-11   +0.00000E+00   +0.00000E+00   +0.00000E+00   +0.00000E+00
  197    +5.09317E-11   +5.09317E-11   +0.00000E+00   +0.00000E+00   +0.00000E+00   +0.00000E+00
  198    -1.09139E-11   +7.27596E-12   +0.00000E+00   +0.00000E+00   +0.00000E+00   +0.00000E+00
  199    -1.45519E-11   +7.27596E-11   +0.00000E+00   +0.00000E+00   +0.00000E+00   +0.00000E+00
  200    +3.63798E-11   -2.91038E-11   +0.00000E+00   +0.00000E+00   +0.00000E+00   +0.00000E+00
  201    -1.63709E-11   +4.22006E-10   +0.00000E+00   +0.00000E+00   +0.00000E+00   +0.00000E+00
  202    +5.09317E-11   +1.16415E-10   +0.00000E+00   +0.00000E+00   +0.00000E+00   +0.00000E+00
  203    +3.63798E-12   -8.73115E-11   +0.00000E+00   +0.00000E+00   +0.00000E+00   +0.00000E+00
  204    -7.27596E-12   -8.73115E-11   +0.00000E+00   +0.00000E+00   +0.00000E+00   +0.00000E+00
  205    -5.09317E-11   +0.00000E+00   +0.00000E+00   +0.00000E+00   +0.00000E+00   +0.00000E+00
  206    +1.09139E-11   -1.81899E-12   +0.00000E+00   +0.00000E+00   +0.00000E+00   +0.00000E+00
  207    -7.27596E-12   +1.27329E-11   +0.00000E+00   +0.00000E+00   +0.00000E+00   +0.00000E+00
  208    +5.45697E-12   -8.18545E-12   +0.00000E+00   +0.00000E+00   +0.00000E+00   +0.00000E+00
  209    +3.63798E-12   +2.72848E-12   +0.00000E+00   +0.00000E+00   +0.00000E+00   +0.00000E+00
  210    -1.31877E-11   -1.09139E-11   +0.00000E+00   +0.00000E+00   +0.00000E+00   +0.00000E+00
  211    +5.45697E-12   -3.63798E-11   +0.00000E+00   +0.00000E+00   +0.00000E+00   +0.00000E+00
  212    -8.86757E-12   +4.18368E-11   +0.00000E+00   +0.00000E+00   +0.00000E+00   +0.00000E+00
  213    -1.22782E-11   +1.81899E-11   +0.00000E+00   +0.00000E+00   +0.00000E+00   +0.00000E+00
  214    +4.14957E-12   +3.75167E-11   +0.00000E+00   +0.00000E+00   +0.00000E+00   +0.00000E+00
  215    -7.04858E-12   -3.18323E-12   +0.00000E+00   +0.00000E+00   +0.00000E+00   +0.00000E+00
  216    +5.69537E+03   +1.99019E+03   +0.00000E+00   +0.00000E+00   +0.00000E+00   +0.00000E+00
  217    -3.18323E-12   -2.95586E-12   +0.00000E+00   +0.00000E+00   +0.00000E+00   +0.00000E+00
  218    -3.18323E-12   +6.82121E-13   +0.00000E+00   +0.00000E+00   +0.00000E+00   +0.00000E+00
  219    -3.63798E-12   +6.96332E-13   +0.00000E+00   +0.00000E+00   +0.00000E+00   +0.00000E+00
  220    -9.48962E+02   +2.98333E+02   +0.00000E+00   +0.00000E+00   +0.00000E+00   +0.00000E+00
  221    -4.60432E-12   +7.73070E-12   +0.00000E+00   +0.00000E+00   +0.00000E+00   +0.00000E+00
  222    -1.02318E-11   +2.72848E-12   +0.00000E+00   +0.00000E+00   +0.00000E+00   +0.00000E+00
  223    +8.86757E-12   +3.97904E-13   +0.00000E+00   +0.00000E+00   +0.00000E+00   +0.00000E+00
  224    -5.22959E-12   +5.68434E-13   +0.00000E+00   +0.00000E+00   +0.00000E+00   +0.00000E+00
  225    +2.38742E-12   -2.72848E-12   +0.00000E+00   +0.00000E+00   +0.00000E+00   +0.00000E+00
  226    -1.13687E-13   -1.36424E-12   +0.00000E+00   +0.00000E+00   +0.00000E+00   +0.00000E+00
  227    -1.06438E+03   -6.29234E+02   +0.00000E+00   +0.00000E+00   +0.00000E+00   +0.00000E+00
  228    -7.38964E-13   +7.95808E-13   +0.00000E+00   +0.00000E+00   +0.00000E+00   +0.00000E+00
  229    -4.54747E-13   -5.40012E-13   +0.00000E+00   +0.00000E+00   +0.00000E+00   +0.00000E+00
  230    -2.50111E-12   +1.13687E-13   +0.00000E+00   +0.00000E+00   +0.00000E+00   +0.00000E+00
  231    -1.69726E+03   -5.74232E+02   +0.00000E+00   +0.00000E+00   +0.00000E+00   +0.00000E+00
  232    +2.85638E-12   -1.59162E-12   +0.00000E+00   +0.00000E+00   +0.00000E+00   +0.00000E+00
  233    +2.55795E-12   -2.27374E-12   +0.00000E+00   +0.00000E+00   +0.00000E+00   +0.00000E+00
  234    +3.97904E-12   -2.16005E-12   +0.00000E+00   +0.00000E+00   +0.00000E+00   +0.00000E+00
  235    -1.30740E-12   -2.84217E-13   +0.00000E+00   +0.00000E+00   +0.00000E+00   +0.00000E+00
  236    -1.53477E-12   +1.60583E-12   +0.00000E+00   +0.00000E+00   +0.00000E+00   +0.00000E+00
  237    +8.52651E-13   +2.27374E-13   +0.00000E+00   +0.00000E+00   +0.00000E+00   +0.00000E+00
  238    -6.65061E+02   -1.08079E+02   +0.00000E+00   +0.00000E+00   +0.00000E+00   +0.00000E+00
  239    -1.70530E-13   +4.26326E-14   +0.00000E+00   +0.00000E+00   +0.00000E+00   +0.00000E+00
  240    +3.41061E-13   -1.00897E-12   +0.00000E+00   +0.00000E+00   +0.00000E+00   +0.00000E+00
  241    +4.54747E-13   +1.70530E-13   +0.00000E+00   +0.00000E+00   +0.00000E+00   +0.00000E+00
  242    -9.52298E+02   -4.91666E+02   +0.00000E+00   +0.00000E+00   +0.00000E+00   +0.00000E+00
  243    -1.47793E-12   +7.95808E-13   +0.00000E+00   +0.00000E+00   +0.00000E+00   +0.00000E+00
  244    -1.13687E-13   +2.27374E-13   +0.00000E+00   +0.00000E+00   +0.00000E+00   +0.00000E+00
  245    -8.45546E-13   -1.36424E-12   +0.00000E+00   +0.00000E+00   +0.00000E+00   +0.00000E+00
  246    +2.21689E-12   -5.68434E-13   +0.00000E+00   +0.00000E+00   +0.00000E+00   +0.00000E+00
  247    +2.27374E-13   -7.10543E-13   +0.00000E+00   +0.00000E+00   +0.00000E+00   +0.00000E+00
  248    -8.06466E-13   -1.59162E-12   +0.00000E+00   +0.00000E+00   +0.00000E+00   +0.00000E+00
  249    -3.67413E+02   -4.85317E+02   +0.00000E+00   +0.00000E+00   +0.00000E+00   +0.00000E+00
