 3087   Z88I2.TXT,via Z88G V12 NASTRAN
13948     1     2     0.0000
13948     2     2     0.0000
13948     3     2     0.0000
13949     1     2     0.0000
13949     2     2     0.0000
13949     3     2     0.0000
13950     1     2     0.0000
13950     2     2     0.0000
13950     3     2     0.0000
13951     1     2     0.0000
13951     2     2     0.0000
13951     3     2     0.0000
13952     1     2     0.0000
13952     2     2     0.0000
13952     3     2     0.0000
13953     1     2     0.0000
13953     2     2     0.0000
13953     3     2     0.0000
13954     1     2     0.0000
13954     2     2     0.0000
13954     3     2     0.0000
13955     1     2     0.0000
13955     2     2     0.0000
13955     3     2     0.0000
13956     1     2     0.0000
13956     2     2     0.0000
13956     3     2     0.0000
13957     1     2     0.0000
13957     2     2     0.0000
13957     3     2     0.0000
13958     1     2     0.0000
13958     2     2     0.0000
13958     3     2     0.0000
13959     1     2     0.0000
13959     2     2     0.0000
13959     3     2     0.0000
13960     1     2     0.0000
13960     2     2     0.0000
13960     3     2     0.0000
13961     1     2     0.0000
13961     2     2     0.0000
13961     3     2     0.0000
13962     1     2     0.0000
13962     2     2     0.0000
13962     3     2     0.0000
13963     1     2     0.0000
13963     2     2     0.0000
13963     3     2     0.0000
13964     1     2     0.0000
13964     2     2     0.0000
13964     3     2     0.0000
13965     1     2     0.0000
13965     2     2     0.0000
13965     3     2     0.0000
13966     1     2     0.0000
13966     2     2     0.0000
13966     3     2     0.0000
13967     1     2     0.0000
13967     2     2     0.0000
13967     3     2     0.0000
13968     1     2     0.0000
13968     2     2     0.0000
13968     3     2     0.0000
13969     1     2     0.0000
13969     2     2     0.0000
13969     3     2     0.0000
13970     1     2     0.0000
13970     2     2     0.0000
13970     3     2     0.0000
13971     1     2     0.0000
13971     2     2     0.0000
13971     3     2     0.0000
13972     1     2     0.0000
13972     2     2     0.0000
13972     3     2     0.0000
13973     1     2     0.0000
13973     2     2     0.0000
13973     3     2     0.0000
13974     1     2     0.0000
13974     2     2     0.0000
13974     3     2     0.0000
13975     1     2     0.0000
13975     2     2     0.0000
13975     3     2     0.0000
13976     1     2     0.0000
13976     2     2     0.0000
13976     3     2     0.0000
13977     1     2     0.0000
13977     2     2     0.0000
13977     3     2     0.0000
13978     1     2     0.0000
13978     2     2     0.0000
13978     3     2     0.0000
13979     1     2     0.0000
13979     2     2     0.0000
13979     3     2     0.0000
13980     1     2     0.0000
13980     2     2     0.0000
13980     3     2     0.0000
13981     1     2     0.0000
13981     2     2     0.0000
13981     3     2     0.0000
13982     1     2     0.0000
13982     2     2     0.0000
13982     3     2     0.0000
13983     1     2     0.0000
13983     2     2     0.0000
13983     3     2     0.0000
13984     1     2     0.0000
13984     2     2     0.0000
13984     3     2     0.0000
13985     1     2     0.0000
13985     2     2     0.0000
13985     3     2     0.0000
13986     1     2     0.0000
13986     2     2     0.0000
13986     3     2     0.0000
13987     1     2     0.0000
13987     2     2     0.0000
13987     3     2     0.0000
13988     1     2     0.0000
13988     2     2     0.0000
13988     3     2     0.0000
13989     1     2     0.0000
13989     2     2     0.0000
13989     3     2     0.0000
13990     1     2     0.0000
13990     2     2     0.0000
13990     3     2     0.0000
13991     1     2     0.0000
13991     2     2     0.0000
13991     3     2     0.0000
13992     1     2     0.0000
13992     2     2     0.0000
13992     3     2     0.0000
13993     1     2     0.0000
13993     2     2     0.0000
13993     3     2     0.0000
13994     1     2     0.0000
13994     2     2     0.0000
13994     3     2     0.0000
13995     1     2     0.0000
13995     2     2     0.0000
13995     3     2     0.0000
13996     1     2     0.0000
13996     2     2     0.0000
13996     3     2     0.0000
13997     1     2     0.0000
13997     2     2     0.0000
13997     3     2     0.0000
13998     1     2     0.0000
13998     2     2     0.0000
13998     3     2     0.0000
13999     1     2     0.0000
13999     2     2     0.0000
13999     3     2     0.0000
14000     1     2     0.0000
14000     2     2     0.0000
14000     3     2     0.0000
14001     1     2     0.0000
14001     2     2     0.0000
14001     3     2     0.0000
14002     1     2     0.0000
14002     2     2     0.0000
14002     3     2     0.0000
14003     1     2     0.0000
14003     2     2     0.0000
14003     3     2     0.0000
14004     1     2     0.0000
14004     2     2     0.0000
14004     3     2     0.0000
14005     1     2     0.0000
14005     2     2     0.0000
14005     3     2     0.0000
14006     1     2     0.0000
14006     2     2     0.0000
14006     3     2     0.0000
14007     1     2     0.0000
14007     2     2     0.0000
14007     3     2     0.0000
14008     1     2     0.0000
14008     2     2     0.0000
14008     3     2     0.0000
14009     1     2     0.0000
14009     2     2     0.0000
14009     3     2     0.0000
14010     1     2     0.0000
14010     2     2     0.0000
14010     3     2     0.0000
14011     1     2     0.0000
14011     2     2     0.0000
14011     3     2     0.0000
14012     1     2     0.0000
14012     2     2     0.0000
14012     3     2     0.0000
14013     1     2     0.0000
14013     2     2     0.0000
14013     3     2     0.0000
14014     1     2     0.0000
14014     2     2     0.0000
14014     3     2     0.0000
14015     1     2     0.0000
14015     2     2     0.0000
14015     3     2     0.0000
14016     1     2     0.0000
14016     2     2     0.0000
14016     3     2     0.0000
14017     1     2     0.0000
14017     2     2     0.0000
14017     3     2     0.0000
14018     1     2     0.0000
14018     2     2     0.0000
14018     3     2     0.0000
14019     1     2     0.0000
14019     2     2     0.0000
14019     3     2     0.0000
14020     1     2     0.0000
14020     2     2     0.0000
14020     3     2     0.0000
14021     1     2     0.0000
14021     2     2     0.0000
14021     3     2     0.0000
14022     1     2     0.0000
14022     2     2     0.0000
14022     3     2     0.0000
14023     1     2     0.0000
14023     2     2     0.0000
14023     3     2     0.0000
14024     1     2     0.0000
14024     2     2     0.0000
14024     3     2     0.0000
14025     1     2     0.0000
14025     2     2     0.0000
14025     3     2     0.0000
14026     1     2     0.0000
14026     2     2     0.0000
14026     3     2     0.0000
14027     1     2     0.0000
14027     2     2     0.0000
14027     3     2     0.0000
14028     1     2     0.0000
14028     2     2     0.0000
14028     3     2     0.0000
14029     1     2     0.0000
14029     2     2     0.0000
14029     3     2     0.0000
14030     1     2     0.0000
14030     2     2     0.0000
14030     3     2     0.0000
14031     1     2     0.0000
14031     2     2     0.0000
14031     3     2     0.0000
14032     1     2     0.0000
14032     2     2     0.0000
14032     3     2     0.0000
14033     1     2     0.0000
14033     2     2     0.0000
14033     3     2     0.0000
14034     1     2     0.0000
14034     2     2     0.0000
14034     3     2     0.0000
14035     1     2     0.0000
14035     2     2     0.0000
14035     3     2     0.0000
14036     1     2     0.0000
14036     2     2     0.0000
14036     3     2     0.0000
14037     1     2     0.0000
14037     2     2     0.0000
14037     3     2     0.0000
14038     1     2     0.0000
14038     2     2     0.0000
14038     3     2     0.0000
14039     1     2     0.0000
14039     2     2     0.0000
14039     3     2     0.0000
14040     1     2     0.0000
14040     2     2     0.0000
14040     3     2     0.0000
14041     1     2     0.0000
14041     2     2     0.0000
14041     3     2     0.0000
14042     1     2     0.0000
14042     2     2     0.0000
14042     3     2     0.0000
14043     1     2     0.0000
14043     2     2     0.0000
14043     3     2     0.0000
14044     1     2     0.0000
14044     2     2     0.0000
14044     3     2     0.0000
14045     1     2     0.0000
14045     2     2     0.0000
14045     3     2     0.0000
14046     1     2     0.0000
14046     2     2     0.0000
14046     3     2     0.0000
14047     1     2     0.0000
14047     2     2     0.0000
14047     3     2     0.0000
14048     1     2     0.0000
14048     2     2     0.0000
14048     3     2     0.0000
14049     1     2     0.0000
14049     2     2     0.0000
14049     3     2     0.0000
14050     1     2     0.0000
14050     2     2     0.0000
14050     3     2     0.0000
14051     1     2     0.0000
14051     2     2     0.0000
14051     3     2     0.0000
14052     1     2     0.0000
14052     2     2     0.0000
14052     3     2     0.0000
14053     1     2     0.0000
14053     2     2     0.0000
14053     3     2     0.0000
14054     1     2     0.0000
14054     2     2     0.0000
14054     3     2     0.0000
14055     1     2     0.0000
14055     2     2     0.0000
14055     3     2     0.0000
14056     1     2     0.0000
14056     2     2     0.0000
14056     3     2     0.0000
14057     1     2     0.0000
14057     2     2     0.0000
14057     3     2     0.0000
14058     1     2     0.0000
14058     2     2     0.0000
14058     3     2     0.0000
14059     1     2     0.0000
14059     2     2     0.0000
14059     3     2     0.0000
14060     1     2     0.0000
14060     2     2     0.0000
14060     3     2     0.0000
14061     1     2     0.0000
14061     2     2     0.0000
14061     3     2     0.0000
14062     1     2     0.0000
14062     2     2     0.0000
14062     3     2     0.0000
14063     1     2     0.0000
14063     2     2     0.0000
14063     3     2     0.0000
14064     1     2     0.0000
14064     2     2     0.0000
14064     3     2     0.0000
14065     1     2     0.0000
14065     2     2     0.0000
14065     3     2     0.0000
14066     1     2     0.0000
14066     2     2     0.0000
14066     3     2     0.0000
14067     1     2     0.0000
14067     2     2     0.0000
14067     3     2     0.0000
14068     1     2     0.0000
14068     2     2     0.0000
14068     3     2     0.0000
14069     1     2     0.0000
14069     2     2     0.0000
14069     3     2     0.0000
14070     1     2     0.0000
14070     2     2     0.0000
14070     3     2     0.0000
14071     1     2     0.0000
14071     2     2     0.0000
14071     3     2     0.0000
14072     1     2     0.0000
14072     2     2     0.0000
14072     3     2     0.0000
14073     1     2     0.0000
14073     2     2     0.0000
14073     3     2     0.0000
14074     1     2     0.0000
14074     2     2     0.0000
14074     3     2     0.0000
14075     1     2     0.0000
14075     2     2     0.0000
14075     3     2     0.0000
14076     1     2     0.0000
14076     2     2     0.0000
14076     3     2     0.0000
14077     1     2     0.0000
14077     2     2     0.0000
14077     3     2     0.0000
14078     1     2     0.0000
14078     2     2     0.0000
14078     3     2     0.0000
14079     1     2     0.0000
14079     2     2     0.0000
14079     3     2     0.0000
14080     1     2     0.0000
14080     2     2     0.0000
14080     3     2     0.0000
14081     1     2     0.0000
14081     2     2     0.0000
14081     3     2     0.0000
14082     1     2     0.0000
14082     2     2     0.0000
14082     3     2     0.0000
14083     1     2     0.0000
14083     2     2     0.0000
14083     3     2     0.0000
14084     1     2     0.0000
14084     2     2     0.0000
14084     3     2     0.0000
14085     1     2     0.0000
14085     2     2     0.0000
14085     3     2     0.0000
14086     1     2     0.0000
14086     2     2     0.0000
14086     3     2     0.0000
14087     1     2     0.0000
14087     2     2     0.0000
14087     3     2     0.0000
14088     1     2     0.0000
14088     2     2     0.0000
14088     3     2     0.0000
14089     1     2     0.0000
14089     2     2     0.0000
14089     3     2     0.0000
14090     1     2     0.0000
14090     2     2     0.0000
14090     3     2     0.0000
14091     1     2     0.0000
14091     2     2     0.0000
14091     3     2     0.0000
14092     1     2     0.0000
14092     2     2     0.0000
14092     3     2     0.0000
14093     1     2     0.0000
14093     2     2     0.0000
14093     3     2     0.0000
14094     1     2     0.0000
14094     2     2     0.0000
14094     3     2     0.0000
14095     1     2     0.0000
14095     2     2     0.0000
14095     3     2     0.0000
14096     1     2     0.0000
14096     2     2     0.0000
14096     3     2     0.0000
14097     1     2     0.0000
14097     2     2     0.0000
14097     3     2     0.0000
14098     1     2     0.0000
14098     2     2     0.0000
14098     3     2     0.0000
14099     1     2     0.0000
14099     2     2     0.0000
14099     3     2     0.0000
14100     1     2     0.0000
14100     2     2     0.0000
14100     3     2     0.0000
14101     1     2     0.0000
14101     2     2     0.0000
14101     3     2     0.0000
14102     1     2     0.0000
14102     2     2     0.0000
14102     3     2     0.0000
14103     1     2     0.0000
14103     2     2     0.0000
14103     3     2     0.0000
14104     1     2     0.0000
14104     2     2     0.0000
14104     3     2     0.0000
14105     1     2     0.0000
14105     2     2     0.0000
14105     3     2     0.0000
14106     1     2     0.0000
14106     2     2     0.0000
14106     3     2     0.0000
14107     1     2     0.0000
14107     2     2     0.0000
14107     3     2     0.0000
14108     1     2     0.0000
14108     2     2     0.0000
14108     3     2     0.0000
14109     1     2     0.0000
14109     2     2     0.0000
14109     3     2     0.0000
14110     1     2     0.0000
14110     2     2     0.0000
14110     3     2     0.0000
14111     1     2     0.0000
14111     2     2     0.0000
14111     3     2     0.0000
14112     1     2     0.0000
14112     2     2     0.0000
14112     3     2     0.0000
14113     1     2     0.0000
14113     2     2     0.0000
14113     3     2     0.0000
14114     1     2     0.0000
14114     2     2     0.0000
14114     3     2     0.0000
14115     1     2     0.0000
14115     2     2     0.0000
14115     3     2     0.0000
14116     1     2     0.0000
14116     2     2     0.0000
14116     3     2     0.0000
14117     1     2     0.0000
14117     2     2     0.0000
14117     3     2     0.0000
14118     1     2     0.0000
14118     2     2     0.0000
14118     3     2     0.0000
14119     1     2     0.0000
14119     2     2     0.0000
14119     3     2     0.0000
14120     1     2     0.0000
14120     2     2     0.0000
14120     3     2     0.0000
14121     1     2     0.0000
14121     2     2     0.0000
14121     3     2     0.0000
14122     1     2     0.0000
14122     2     2     0.0000
14122     3     2     0.0000
14123     1     2     0.0000
14123     2     2     0.0000
14123     3     2     0.0000
14124     1     2     0.0000
14124     2     2     0.0000
14124     3     2     0.0000
14125     1     2     0.0000
14125     2     2     0.0000
14125     3     2     0.0000
14126     1     2     0.0000
14126     2     2     0.0000
14126     3     2     0.0000
14127     1     2     0.0000
14127     2     2     0.0000
14127     3     2     0.0000
14128     1     2     0.0000
14128     2     2     0.0000
14128     3     2     0.0000
14129     1     2     0.0000
14129     2     2     0.0000
14129     3     2     0.0000
14130     1     2     0.0000
14130     2     2     0.0000
14130     3     2     0.0000
14131     1     2     0.0000
14131     2     2     0.0000
14131     3     2     0.0000
14132     1     2     0.0000
14132     2     2     0.0000
14132     3     2     0.0000
14133     1     2     0.0000
14133     2     2     0.0000
14133     3     2     0.0000
14134     1     2     0.0000
14134     2     2     0.0000
14134     3     2     0.0000
14135     1     2     0.0000
14135     2     2     0.0000
14135     3     2     0.0000
14136     1     2     0.0000
14136     2     2     0.0000
14136     3     2     0.0000
14137     1     2     0.0000
14137     2     2     0.0000
14137     3     2     0.0000
14138     1     2     0.0000
14138     2     2     0.0000
14138     3     2     0.0000
14139     1     2     0.0000
14139     2     2     0.0000
14139     3     2     0.0000
14140     1     2     0.0000
14140     2     2     0.0000
14140     3     2     0.0000
14141     1     2     0.0000
14141     2     2     0.0000
14141     3     2     0.0000
14142     1     2     0.0000
14142     2     2     0.0000
14142     3     2     0.0000
14143     1     2     0.0000
14143     2     2     0.0000
14143     3     2     0.0000
14144     1     2     0.0000
14144     2     2     0.0000
14144     3     2     0.0000
14145     1     2     0.0000
14145     2     2     0.0000
14145     3     2     0.0000
14146     1     2     0.0000
14146     2     2     0.0000
14146     3     2     0.0000
14147     1     2     0.0000
14147     2     2     0.0000
14147     3     2     0.0000
14148     1     2     0.0000
14148     2     2     0.0000
14148     3     2     0.0000
14149     1     2     0.0000
14149     2     2     0.0000
14149     3     2     0.0000
14150     1     2     0.0000
14150     2     2     0.0000
14150     3     2     0.0000
14151     1     2     0.0000
14151     2     2     0.0000
14151     3     2     0.0000
14152     1     2     0.0000
14152     2     2     0.0000
14152     3     2     0.0000
14153     1     2     0.0000
14153     2     2     0.0000
14153     3     2     0.0000
14154     1     2     0.0000
14154     2     2     0.0000
14154     3     2     0.0000
14155     1     2     0.0000
14155     2     2     0.0000
14155     3     2     0.0000
14156     1     2     0.0000
14156     2     2     0.0000
14156     3     2     0.0000
14157     1     2     0.0000
14157     2     2     0.0000
14157     3     2     0.0000
14158     1     2     0.0000
14158     2     2     0.0000
14158     3     2     0.0000
14159     1     2     0.0000
14159     2     2     0.0000
14159     3     2     0.0000
14160     1     2     0.0000
14160     2     2     0.0000
14160     3     2     0.0000
14161     1     2     0.0000
14161     2     2     0.0000
14161     3     2     0.0000
14162     1     2     0.0000
14162     2     2     0.0000
14162     3     2     0.0000
14163     1     2     0.0000
14163     2     2     0.0000
14163     3     2     0.0000
14164     1     2     0.0000
14164     2     2     0.0000
14164     3     2     0.0000
14165     1     2     0.0000
14165     2     2     0.0000
14165     3     2     0.0000
14166     1     2     0.0000
14166     2     2     0.0000
14166     3     2     0.0000
14167     1     2     0.0000
14167     2     2     0.0000
14167     3     2     0.0000
14168     1     2     0.0000
14168     2     2     0.0000
14168     3     2     0.0000
14169     1     2     0.0000
14169     2     2     0.0000
14169     3     2     0.0000
14170     1     2     0.0000
14170     2     2     0.0000
14170     3     2     0.0000
14171     1     2     0.0000
14171     2     2     0.0000
14171     3     2     0.0000
14172     1     2     0.0000
14172     2     2     0.0000
14172     3     2     0.0000
14173     1     2     0.0000
14173     2     2     0.0000
14173     3     2     0.0000
14174     1     2     0.0000
14174     2     2     0.0000
14174     3     2     0.0000
14175     1     2     0.0000
14175     2     2     0.0000
14175     3     2     0.0000
14176     1     2     0.0000
14176     2     2     0.0000
14176     3     2     0.0000
14177     1     2     0.0000
14177     2     2     0.0000
14177     3     2     0.0000
14178     1     2     0.0000
14178     2     2     0.0000
14178     3     2     0.0000
14179     1     2     0.0000
14179     2     2     0.0000
14179     3     2     0.0000
14180     1     2     0.0000
14180     2     2     0.0000
14180     3     2     0.0000
14181     1     2     0.0000
14181     2     2     0.0000
14181     3     2     0.0000
14182     1     2     0.0000
14182     2     2     0.0000
14182     3     2     0.0000
14183     1     2     0.0000
14183     2     2     0.0000
14183     3     2     0.0000
14184     1     2     0.0000
14184     2     2     0.0000
14184     3     2     0.0000
14185     1     2     0.0000
14185     2     2     0.0000
14185     3     2     0.0000
14186     1     2     0.0000
14186     2     2     0.0000
14186     3     2     0.0000
14187     1     2     0.0000
14187     2     2     0.0000
14187     3     2     0.0000
14188     1     2     0.0000
14188     2     2     0.0000
14188     3     2     0.0000
14189     1     2     0.0000
14189     2     2     0.0000
14189     3     2     0.0000
14190     1     2     0.0000
14190     2     2     0.0000
14190     3     2     0.0000
14191     1     2     0.0000
14191     2     2     0.0000
14191     3     2     0.0000
14192     1     2     0.0000
14192     2     2     0.0000
14192     3     2     0.0000
14193     1     2     0.0000
14193     2     2     0.0000
14193     3     2     0.0000
14194     1     2     0.0000
14194     2     2     0.0000
14194     3     2     0.0000
14195     1     2     0.0000
14195     2     2     0.0000
14195     3     2     0.0000
14196     1     2     0.0000
14196     2     2     0.0000
14196     3     2     0.0000
14197     1     2     0.0000
14197     2     2     0.0000
14197     3     2     0.0000
14198     1     2     0.0000
14198     2     2     0.0000
14198     3     2     0.0000
14199     1     2     0.0000
14199     2     2     0.0000
14199     3     2     0.0000
14200     1     2     0.0000
14200     2     2     0.0000
14200     3     2     0.0000
14201     1     2     0.0000
14201     2     2     0.0000
14201     3     2     0.0000
14202     1     2     0.0000
14202     2     2     0.0000
14202     3     2     0.0000
14203     1     2     0.0000
14203     2     2     0.0000
14203     3     2     0.0000
14204     1     2     0.0000
14204     2     2     0.0000
14204     3     2     0.0000
14205     1     2     0.0000
14205     2     2     0.0000
14205     3     2     0.0000
14206     1     2     0.0000
14206     2     2     0.0000
14206     3     2     0.0000
14207     1     2     0.0000
14207     2     2     0.0000
14207     3     2     0.0000
14208     1     2     0.0000
14208     2     2     0.0000
14208     3     2     0.0000
14209     1     2     0.0000
14209     2     2     0.0000
14209     3     2     0.0000
14210     1     2     0.0000
14210     2     2     0.0000
14210     3     2     0.0000
14211     1     2     0.0000
14211     2     2     0.0000
14211     3     2     0.0000
14212     1     2     0.0000
14212     2     2     0.0000
14212     3     2     0.0000
14213     1     2     0.0000
14213     2     2     0.0000
14213     3     2     0.0000
14214     1     2     0.0000
14214     2     2     0.0000
14214     3     2     0.0000
14215     1     2     0.0000
14215     2     2     0.0000
14215     3     2     0.0000
14216     1     2     0.0000
14216     2     2     0.0000
14216     3     2     0.0000
14217     1     2     0.0000
14217     2     2     0.0000
14217     3     2     0.0000
14218     1     2     0.0000
14218     2     2     0.0000
14218     3     2     0.0000
14219     1     2     0.0000
14219     2     2     0.0000
14219     3     2     0.0000
14220     1     2     0.0000
14220     2     2     0.0000
14220     3     2     0.0000
14221     1     2     0.0000
14221     2     2     0.0000
14221     3     2     0.0000
14222     1     2     0.0000
14222     2     2     0.0000
14222     3     2     0.0000
14223     1     2     0.0000
14223     2     2     0.0000
14223     3     2     0.0000
14224     1     2     0.0000
14224     2     2     0.0000
14224     3     2     0.0000
14225     1     2     0.0000
14225     2     2     0.0000
14225     3     2     0.0000
14226     1     2     0.0000
14226     2     2     0.0000
14226     3     2     0.0000
14227     1     2     0.0000
14227     2     2     0.0000
14227     3     2     0.0000
14228     1     2     0.0000
14228     2     2     0.0000
14228     3     2     0.0000
14229     1     2     0.0000
14229     2     2     0.0000
14229     3     2     0.0000
14230     1     2     0.0000
14230     2     2     0.0000
14230     3     2     0.0000
14231     1     2     0.0000
14231     2     2     0.0000
14231     3     2     0.0000
14232     1     2     0.0000
14232     2     2     0.0000
14232     3     2     0.0000
14233     1     2     0.0000
14233     2     2     0.0000
14233     3     2     0.0000
14234     1     2     0.0000
14234     2     2     0.0000
14234     3     2     0.0000
14235     1     2     0.0000
14235     2     2     0.0000
14235     3     2     0.0000
14236     1     2     0.0000
14236     2     2     0.0000
14236     3     2     0.0000
14237     1     2     0.0000
14237     2     2     0.0000
14237     3     2     0.0000
14238     1     2     0.0000
14238     2     2     0.0000
14238     3     2     0.0000
14239     1     2     0.0000
14239     2     2     0.0000
14239     3     2     0.0000
14240     1     2     0.0000
14240     2     2     0.0000
14240     3     2     0.0000
14241     1     2     0.0000
14241     2     2     0.0000
14241     3     2     0.0000
14242     1     2     0.0000
14242     2     2     0.0000
14242     3     2     0.0000
14243     1     2     0.0000
14243     2     2     0.0000
14243     3     2     0.0000
14244     1     2     0.0000
14244     2     2     0.0000
14244     3     2     0.0000
14245     1     2     0.0000
14245     2     2     0.0000
14245     3     2     0.0000
14246     1     2     0.0000
14246     2     2     0.0000
14246     3     2     0.0000
14247     1     2     0.0000
14247     2     2     0.0000
14247     3     2     0.0000
14248     1     2     0.0000
14248     2     2     0.0000
14248     3     2     0.0000
14249     1     2     0.0000
14249     2     2     0.0000
14249     3     2     0.0000
14250     1     2     0.0000
14250     2     2     0.0000
14250     3     2     0.0000
14251     1     2     0.0000
14251     2     2     0.0000
14251     3     2     0.0000
14252     1     2     0.0000
14252     2     2     0.0000
14252     3     2     0.0000
14253     1     2     0.0000
14253     2     2     0.0000
14253     3     2     0.0000
14254     1     2     0.0000
14254     2     2     0.0000
14254     3     2     0.0000
14255     1     2     0.0000
14255     2     2     0.0000
14255     3     2     0.0000
14256     1     2     0.0000
14256     2     2     0.0000
14256     3     2     0.0000
14257     1     2     0.0000
14257     2     2     0.0000
14257     3     2     0.0000
14258     1     2     0.0000
14258     2     2     0.0000
14258     3     2     0.0000
14259     1     2     0.0000
14259     2     2     0.0000
14259     3     2     0.0000
14260     1     2     0.0000
14260     2     2     0.0000
14260     3     2     0.0000
14261     1     2     0.0000
14261     2     2     0.0000
14261     3     2     0.0000
14262     1     2     0.0000
14262     2     2     0.0000
14262     3     2     0.0000
14263     1     2     0.0000
14263     2     2     0.0000
14263     3     2     0.0000
14264     1     2     0.0000
14264     2     2     0.0000
14264     3     2     0.0000
14265     1     2     0.0000
14265     2     2     0.0000
14265     3     2     0.0000
14266     1     2     0.0000
14266     2     2     0.0000
14266     3     2     0.0000
14267     1     2     0.0000
14267     2     2     0.0000
14267     3     2     0.0000
14268     1     2     0.0000
14268     2     2     0.0000
14268     3     2     0.0000
14269     1     2     0.0000
14269     2     2     0.0000
14269     3     2     0.0000
14270     1     2     0.0000
14270     2     2     0.0000
14270     3     2     0.0000
14271     1     2     0.0000
14271     2     2     0.0000
14271     3     2     0.0000
14272     1     2     0.0000
14272     2     2     0.0000
14272     3     2     0.0000
14273     1     2     0.0000
14273     2     2     0.0000
14273     3     2     0.0000
14274     1     2     0.0000
14274     2     2     0.0000
14274     3     2     0.0000
14275     1     2     0.0000
14275     2     2     0.0000
14275     3     2     0.0000
14276     1     2     0.0000
14276     2     2     0.0000
14276     3     2     0.0000
14277     1     2     0.0000
14277     2     2     0.0000
14277     3     2     0.0000
14278     1     2     0.0000
14278     2     2     0.0000
14278     3     2     0.0000
14279     1     2     0.0000
14279     2     2     0.0000
14279     3     2     0.0000
14280     1     2     0.0000
14280     2     2     0.0000
14280     3     2     0.0000
14281     1     2     0.0000
14281     2     2     0.0000
14281     3     2     0.0000
14282     1     2     0.0000
14282     2     2     0.0000
14282     3     2     0.0000
14283     1     2     0.0000
14283     2     2     0.0000
14283     3     2     0.0000
14284     1     2     0.0000
14284     2     2     0.0000
14284     3     2     0.0000
14285     1     2     0.0000
14285     2     2     0.0000
14285     3     2     0.0000
14286     1     2     0.0000
14286     2     2     0.0000
14286     3     2     0.0000
14287     1     2     0.0000
14287     2     2     0.0000
14287     3     2     0.0000
14288     1     2     0.0000
14288     2     2     0.0000
14288     3     2     0.0000
14289     1     2     0.0000
14289     2     2     0.0000
14289     3     2     0.0000
14290     1     2     0.0000
14290     2     2     0.0000
14290     3     2     0.0000
14291     1     2     0.0000
14291     2     2     0.0000
14291     3     2     0.0000
14292     1     2     0.0000
14292     2     2     0.0000
14292     3     2     0.0000
14293     1     2     0.0000
14293     2     2     0.0000
14293     3     2     0.0000
14294     1     2     0.0000
14294     2     2     0.0000
14294     3     2     0.0000
14295     1     2     0.0000
14295     2     2     0.0000
14295     3     2     0.0000
14296     1     2     0.0000
14296     2     2     0.0000
14296     3     2     0.0000
14297     1     2     0.0000
14297     2     2     0.0000
14297     3     2     0.0000
14298     1     2     0.0000
14298     2     2     0.0000
14298     3     2     0.0000
14299     1     2     0.0000
14299     2     2     0.0000
14299     3     2     0.0000
14300     1     2     0.0000
14300     2     2     0.0000
14300     3     2     0.0000
14301     1     2     0.0000
14301     2     2     0.0000
14301     3     2     0.0000
14302     1     2     0.0000
14302     2     2     0.0000
14302     3     2     0.0000
14303     1     2     0.0000
14303     2     2     0.0000
14303     3     2     0.0000
14304     1     2     0.0000
14304     2     2     0.0000
14304     3     2     0.0000
14305     1     2     0.0000
14305     2     2     0.0000
14305     3     2     0.0000
14306     1     2     0.0000
14306     2     2     0.0000
14306     3     2     0.0000
14307     1     2     0.0000
14307     2     2     0.0000
14307     3     2     0.0000
14308     1     2     0.0000
14308     2     2     0.0000
14308     3     2     0.0000
14309     1     2     0.0000
14309     2     2     0.0000
14309     3     2     0.0000
14310     1     2     0.0000
14310     2     2     0.0000
14310     3     2     0.0000
14311     1     2     0.0000
14311     2     2     0.0000
14311     3     2     0.0000
14312     1     2     0.0000
14312     2     2     0.0000
14312     3     2     0.0000
14313     1     2     0.0000
14313     2     2     0.0000
14313     3     2     0.0000
14314     1     2     0.0000
14314     2     2     0.0000
14314     3     2     0.0000
14315     1     2     0.0000
14315     2     2     0.0000
14315     3     2     0.0000
14316     1     2     0.0000
14316     2     2     0.0000
14316     3     2     0.0000
14317     1     2     0.0000
14317     2     2     0.0000
14317     3     2     0.0000
14318     1     2     0.0000
14318     2     2     0.0000
14318     3     2     0.0000
14319     1     2     0.0000
14319     2     2     0.0000
14319     3     2     0.0000
14320     1     2     0.0000
14320     2     2     0.0000
14320     3     2     0.0000
14321     1     2     0.0000
14321     2     2     0.0000
14321     3     2     0.0000
14322     1     2     0.0000
14322     2     2     0.0000
14322     3     2     0.0000
14323     1     2     0.0000
14323     2     2     0.0000
14323     3     2     0.0000
14324     1     2     0.0000
14324     2     2     0.0000
14324     3     2     0.0000
14325     1     2     0.0000
14325     2     2     0.0000
14325     3     2     0.0000
14326     1     2     0.0000
14326     2     2     0.0000
14326     3     2     0.0000
14327     1     2     0.0000
14327     2     2     0.0000
14327     3     2     0.0000
14328     1     2     0.0000
14328     2     2     0.0000
14328     3     2     0.0000
14329     1     2     0.0000
14329     2     2     0.0000
14329     3     2     0.0000
14330     1     2     0.0000
14330     2     2     0.0000
14330     3     2     0.0000
14331     1     2     0.0000
14331     2     2     0.0000
14331     3     2     0.0000
14332     1     2     0.0000
14332     2     2     0.0000
14332     3     2     0.0000
14333     1     2     0.0000
14333     2     2     0.0000
14333     3     2     0.0000
14334     1     2     0.0000
14334     2     2     0.0000
14334     3     2     0.0000
14335     1     2     0.0000
14335     2     2     0.0000
14335     3     2     0.0000
14336     1     2     0.0000
14336     2     2     0.0000
14336     3     2     0.0000
14337     1     2     0.0000
14337     2     2     0.0000
14337     3     2     0.0000
14338     1     2     0.0000
14338     2     2     0.0000
14338     3     2     0.0000
14339     1     2     0.0000
14339     2     2     0.0000
14339     3     2     0.0000
14340     1     2     0.0000
14340     2     2     0.0000
14340     3     2     0.0000
14341     1     2     0.0000
14341     2     2     0.0000
14341     3     2     0.0000
14342     1     2     0.0000
14342     2     2     0.0000
14342     3     2     0.0000
14343     1     2     0.0000
14343     2     2     0.0000
14343     3     2     0.0000
14344     1     2     0.0000
14344     2     2     0.0000
14344     3     2     0.0000
14345     1     2     0.0000
14345     2     2     0.0000
14345     3     2     0.0000
14346     1     2     0.0000
14346     2     2     0.0000
14346     3     2     0.0000
14347     1     2     0.0000
14347     2     2     0.0000
14347     3     2     0.0000
14348     1     2     0.0000
14348     2     2     0.0000
14348     3     2     0.0000
14349     1     2     0.0000
14349     2     2     0.0000
14349     3     2     0.0000
14350     1     2     0.0000
14350     2     2     0.0000
14350     3     2     0.0000
14351     1     2     0.0000
14351     2     2     0.0000
14351     3     2     0.0000
14352     1     2     0.0000
14352     2     2     0.0000
14352     3     2     0.0000
14353     1     2     0.0000
14353     2     2     0.0000
14353     3     2     0.0000
14354     1     2     0.0000
14354     2     2     0.0000
14354     3     2     0.0000
14355     1     2     0.0000
14355     2     2     0.0000
14355     3     2     0.0000
14356     1     2     0.0000
14356     2     2     0.0000
14356     3     2     0.0000
14357     1     2     0.0000
14357     2     2     0.0000
14357     3     2     0.0000
14358     1     2     0.0000
14358     2     2     0.0000
14358     3     2     0.0000
14359     1     2     0.0000
14359     2     2     0.0000
14359     3     2     0.0000
14360     1     2     0.0000
14360     2     2     0.0000
14360     3     2     0.0000
14361     1     2     0.0000
14361     2     2     0.0000
14361     3     2     0.0000
14362     1     2     0.0000
14362     2     2     0.0000
14362     3     2     0.0000
14363     1     2     0.0000
14363     2     2     0.0000
14363     3     2     0.0000
14364     1     2     0.0000
14364     2     2     0.0000
14364     3     2     0.0000
14365     1     2     0.0000
14365     2     2     0.0000
14365     3     2     0.0000
14366     1     2     0.0000
14366     2     2     0.0000
14366     3     2     0.0000
14367     1     2     0.0000
14367     2     2     0.0000
14367     3     2     0.0000
14368     1     2     0.0000
14368     2     2     0.0000
14368     3     2     0.0000
14369     1     2     0.0000
14369     2     2     0.0000
14369     3     2     0.0000
14370     1     2     0.0000
14370     2     2     0.0000
14370     3     2     0.0000
14371     1     2     0.0000
14371     2     2     0.0000
14371     3     2     0.0000
14372     1     2     0.0000
14372     2     2     0.0000
14372     3     2     0.0000
14373     1     2     0.0000
14373     2     2     0.0000
14373     3     2     0.0000
14374     1     2     0.0000
14374     2     2     0.0000
14374     3     2     0.0000
14375     1     2     0.0000
14375     2     2     0.0000
14375     3     2     0.0000
14376     1     2     0.0000
14376     2     2     0.0000
14376     3     2     0.0000
14377     1     2     0.0000
14377     2     2     0.0000
14377     3     2     0.0000
14378     1     2     0.0000
14378     2     2     0.0000
14378     3     2     0.0000
14379     1     2     0.0000
14379     2     2     0.0000
14379     3     2     0.0000
14380     1     2     0.0000
14380     2     2     0.0000
14380     3     2     0.0000
14381     1     2     0.0000
14381     2     2     0.0000
14381     3     2     0.0000
14382     1     2     0.0000
14382     2     2     0.0000
14382     3     2     0.0000
14383     1     2     0.0000
14383     2     2     0.0000
14383     3     2     0.0000
14384     1     2     0.0000
14384     2     2     0.0000
14384     3     2     0.0000
14385     1     2     0.0000
14385     2     2     0.0000
14385     3     2     0.0000
14386     1     2     0.0000
14386     2     2     0.0000
14386     3     2     0.0000
14387     1     2     0.0000
14387     2     2     0.0000
14387     3     2     0.0000
14388     1     2     0.0000
14388     2     2     0.0000
14388     3     2     0.0000
14389     1     2     0.0000
14389     2     2     0.0000
14389     3     2     0.0000
14390     1     2     0.0000
14390     2     2     0.0000
14390     3     2     0.0000
14391     1     2     0.0000
14391     2     2     0.0000
14391     3     2     0.0000
14392     1     2     0.0000
14392     2     2     0.0000
14392     3     2     0.0000
14393     1     2     0.0000
14393     2     2     0.0000
14393     3     2     0.0000
14394     1     2     0.0000
14394     2     2     0.0000
14394     3     2     0.0000
14395     1     2     0.0000
14395     2     2     0.0000
14395     3     2     0.0000
14396     1     2     0.0000
14396     2     2     0.0000
14396     3     2     0.0000
14397     1     2     0.0000
14397     2     2     0.0000
14397     3     2     0.0000
14398     1     2     0.0000
14398     2     2     0.0000
14398     3     2     0.0000
14399     1     2     0.0000
14399     2     2     0.0000
14399     3     2     0.0000
14400     1     2     0.0000
14400     2     2     0.0000
14400     3     2     0.0000
14401     1     2     0.0000
14401     2     2     0.0000
14401     3     2     0.0000
14402     1     2     0.0000
14402     2     2     0.0000
14402     3     2     0.0000
14403     1     2     0.0000
14403     2     2     0.0000
14403     3     2     0.0000
14404     1     2     0.0000
14404     2     2     0.0000
14404     3     2     0.0000
14405     1     2     0.0000
14405     2     2     0.0000
14405     3     2     0.0000
14406     1     2     0.0000
14406     2     2     0.0000
14406     3     2     0.0000
14407     1     2     0.0000
14407     2     2     0.0000
14407     3     2     0.0000
14408     1     2     0.0000
14408     2     2     0.0000
14408     3     2     0.0000
14409     1     2     0.0000
14409     2     2     0.0000
14409     3     2     0.0000
14410     1     2     0.0000
14410     2     2     0.0000
14410     3     2     0.0000
14411     1     2     0.0000
14411     2     2     0.0000
14411     3     2     0.0000
14412     1     2     0.0000
14412     2     2     0.0000
14412     3     2     0.0000
14413     1     2     0.0000
14413     2     2     0.0000
14413     3     2     0.0000
14414     1     2     0.0000
14414     2     2     0.0000
14414     3     2     0.0000
14415     1     2     0.0000
14415     2     2     0.0000
14415     3     2     0.0000
14416     1     2     0.0000
14416     2     2     0.0000
14416     3     2     0.0000
14417     1     2     0.0000
14417     2     2     0.0000
14417     3     2     0.0000
14418     1     2     0.0000
14418     2     2     0.0000
14418     3     2     0.0000
14419     1     2     0.0000
14419     2     2     0.0000
14419     3     2     0.0000
14420     1     2     0.0000
14420     2     2     0.0000
14420     3     2     0.0000
14421     1     2     0.0000
14421     2     2     0.0000
14421     3     2     0.0000
14422     1     2     0.0000
14422     2     2     0.0000
14422     3     2     0.0000
14423     1     2     0.0000
14423     2     2     0.0000
14423     3     2     0.0000
14424     1     2     0.0000
14424     2     2     0.0000
14424     3     2     0.0000
14425     1     2     0.0000
14425     2     2     0.0000
14425     3     2     0.0000
14426     1     2     0.0000
14426     2     2     0.0000
14426     3     2     0.0000
14427     1     2     0.0000
14427     2     2     0.0000
14427     3     2     0.0000
14428     1     2     0.0000
14428     2     2     0.0000
14428     3     2     0.0000
14429     1     2     0.0000
14429     2     2     0.0000
14429     3     2     0.0000
14430     1     2     0.0000
14430     2     2     0.0000
14430     3     2     0.0000
14431     1     2     0.0000
14431     2     2     0.0000
14431     3     2     0.0000
14432     1     2     0.0000
14432     2     2     0.0000
14432     3     2     0.0000
14433     1     2     0.0000
14433     2     2     0.0000
14433     3     2     0.0000
14434     1     2     0.0000
14434     2     2     0.0000
14434     3     2     0.0000
14435     1     2     0.0000
14435     2     2     0.0000
14435     3     2     0.0000
14436     1     2     0.0000
14436     2     2     0.0000
14436     3     2     0.0000
14437     1     2     0.0000
14437     2     2     0.0000
14437     3     2     0.0000
14438     1     2     0.0000
14438     2     2     0.0000
14438     3     2     0.0000
14439     1     2     0.0000
14439     2     2     0.0000
14439     3     2     0.0000
14440     1     2     0.0000
14440     2     2     0.0000
14440     3     2     0.0000
14441     1     2     0.0000
14441     2     2     0.0000
14441     3     2     0.0000
14442     1     2     0.0000
14442     2     2     0.0000
14442     3     2     0.0000
14443     1     2     0.0000
14443     2     2     0.0000
14443     3     2     0.0000
14444     1     2     0.0000
14444     2     2     0.0000
14444     3     2     0.0000
14445     1     2     0.0000
14445     2     2     0.0000
14445     3     2     0.0000
14446     1     2     0.0000
14446     2     2     0.0000
14446     3     2     0.0000
14447     1     2     0.0000
14447     2     2     0.0000
14447     3     2     0.0000
14448     1     2     0.0000
14448     2     2     0.0000
14448     3     2     0.0000
14449     1     2     0.0000
14449     2     2     0.0000
14449     3     2     0.0000
14450     1     2     0.0000
14450     2     2     0.0000
14450     3     2     0.0000
14451     1     2     0.0000
14451     2     2     0.0000
14451     3     2     0.0000
14452     1     2     0.0000
14452     2     2     0.0000
14452     3     2     0.0000
14453     1     2     0.0000
14453     2     2     0.0000
14453     3     2     0.0000
14454     1     2     0.0000
14454     2     2     0.0000
14454     3     2     0.0000
14455     1     2     0.0000
14455     2     2     0.0000
14455     3     2     0.0000
14456     1     2     0.0000
14456     2     2     0.0000
14456     3     2     0.0000
14457     1     2     0.0000
14457     2     2     0.0000
14457     3     2     0.0000
14458     1     2     0.0000
14458     2     2     0.0000
14458     3     2     0.0000
14459     1     2     0.0000
14459     2     2     0.0000
14459     3     2     0.0000
14460     1     2     0.0000
14460     2     2     0.0000
14460     3     2     0.0000
14461     1     2     0.0000
14461     2     2     0.0000
14461     3     2     0.0000
14462     1     2     0.0000
14462     2     2     0.0000
14462     3     2     0.0000
14463     1     2     0.0000
14463     2     2     0.0000
14463     3     2     0.0000
14464     1     2     0.0000
14464     2     2     0.0000
14464     3     2     0.0000
14465     1     2     0.0000
14465     2     2     0.0000
14465     3     2     0.0000
14466     1     2     0.0000
14466     2     2     0.0000
14466     3     2     0.0000
14467     1     2     0.0000
14467     2     2     0.0000
14467     3     2     0.0000
14468     1     2     0.0000
14468     2     2     0.0000
14468     3     2     0.0000
14469     1     2     0.0000
14469     2     2     0.0000
14469     3     2     0.0000
14470     1     2     0.0000
14470     2     2     0.0000
14470     3     2     0.0000
14471     1     2     0.0000
14471     2     2     0.0000
14471     3     2     0.0000
14472     1     2     0.0000
14472     2     2     0.0000
14472     3     2     0.0000
14473     1     2     0.0000
14473     2     2     0.0000
14473     3     2     0.0000
14474     1     2     0.0000
14474     2     2     0.0000
14474     3     2     0.0000
14475     1     2     0.0000
14475     2     2     0.0000
14475     3     2     0.0000
14476     1     2     0.0000
14476     2     2     0.0000
14476     3     2     0.0000
14477     1     2     0.0000
14477     2     2     0.0000
14477     3     2     0.0000
14478     1     2     0.0000
14478     2     2     0.0000
14478     3     2     0.0000
14479     1     2     0.0000
14479     2     2     0.0000
14479     3     2     0.0000
14480     1     2     0.0000
14480     2     2     0.0000
14480     3     2     0.0000
14481     1     2     0.0000
14481     2     2     0.0000
14481     3     2     0.0000
14482     1     2     0.0000
14482     2     2     0.0000
14482     3     2     0.0000
14483     1     2     0.0000
14483     2     2     0.0000
14483     3     2     0.0000
14484     1     2     0.0000
14484     2     2     0.0000
14484     3     2     0.0000
14485     1     2     0.0000
14485     2     2     0.0000
14485     3     2     0.0000
14486     1     2     0.0000
14486     2     2     0.0000
14486     3     2     0.0000
14487     1     2     0.0000
14487     2     2     0.0000
14487     3     2     0.0000
14488     1     2     0.0000
14488     2     2     0.0000
14488     3     2     0.0000
14489     1     2     0.0000
14489     2     2     0.0000
14489     3     2     0.0000
14490     1     2     0.0000
14490     2     2     0.0000
14490     3     2     0.0000
14491     1     2     0.0000
14491     2     2     0.0000
14491     3     2     0.0000
14492     1     2     0.0000
14492     2     2     0.0000
14492     3     2     0.0000
14493     1     2     0.0000
14493     2     2     0.0000
14493     3     2     0.0000
14494     1     2     0.0000
14494     2     2     0.0000
14494     3     2     0.0000
14495     1     2     0.0000
14495     2     2     0.0000
14495     3     2     0.0000
14496     1     2     0.0000
14496     2     2     0.0000
14496     3     2     0.0000
14497     1     2     0.0000
14497     2     2     0.0000
14497     3     2     0.0000
14498     1     2     0.0000
14498     2     2     0.0000
14498     3     2     0.0000
14499     1     2     0.0000
14499     2     2     0.0000
14499     3     2     0.0000
14500     1     2     0.0000
14500     2     2     0.0000
14500     3     2     0.0000
14501     1     2     0.0000
14501     2     2     0.0000
14501     3     2     0.0000
14502     1     2     0.0000
14502     2     2     0.0000
14502     3     2     0.0000
14503     1     2     0.0000
14503     2     2     0.0000
14503     3     2     0.0000
14504     1     2     0.0000
14504     2     2     0.0000
14504     3     2     0.0000
14505     1     2     0.0000
14505     2     2     0.0000
14505     3     2     0.0000
14506     1     2     0.0000
14506     2     2     0.0000
14506     3     2     0.0000
14507     1     2     0.0000
14507     2     2     0.0000
14507     3     2     0.0000
14508     1     2     0.0000
14508     2     2     0.0000
14508     3     2     0.0000
14509     1     2     0.0000
14509     2     2     0.0000
14509     3     2     0.0000
14510     1     2     0.0000
14510     2     2     0.0000
14510     3     2     0.0000
14511     1     2     0.0000
14511     2     2     0.0000
14511     3     2     0.0000
14512     1     2     0.0000
14512     2     2     0.0000
14512     3     2     0.0000
14513     1     2     0.0000
14513     2     2     0.0000
14513     3     2     0.0000
14514     1     2     0.0000
14514     2     2     0.0000
14514     3     2     0.0000
14515     1     2     0.0000
14515     2     2     0.0000
14515     3     2     0.0000
14516     1     2     0.0000
14516     2     2     0.0000
14516     3     2     0.0000
14517     1     2     0.0000
14517     2     2     0.0000
14517     3     2     0.0000
14518     1     2     0.0000
14518     2     2     0.0000
14518     3     2     0.0000
14519     1     2     0.0000
14519     2     2     0.0000
14519     3     2     0.0000
14520     1     2     0.0000
14520     2     2     0.0000
14520     3     2     0.0000
14521     1     2     0.0000
14521     2     2     0.0000
14521     3     2     0.0000
14522     1     2     0.0000
14522     2     2     0.0000
14522     3     2     0.0000
14523     1     2     0.0000
14523     2     2     0.0000
14523     3     2     0.0000
14524     1     2     0.0000
14524     2     2     0.0000
14524     3     2     0.0000
14525     1     2     0.0000
14525     2     2     0.0000
14525     3     2     0.0000
14526     1     2     0.0000
14526     2     2     0.0000
14526     3     2     0.0000
14527     1     2     0.0000
14527     2     2     0.0000
14527     3     2     0.0000
14528     1     2     0.0000
14528     2     2     0.0000
14528     3     2     0.0000
14529     1     2     0.0000
14529     2     2     0.0000
14529     3     2     0.0000
14530     1     2     0.0000
14530     2     2     0.0000
14530     3     2     0.0000
14531     1     2     0.0000
14531     2     2     0.0000
14531     3     2     0.0000
14532     1     2     0.0000
14532     2     2     0.0000
14532     3     2     0.0000
14533     1     2     0.0000
14533     2     2     0.0000
14533     3     2     0.0000
14534     1     2     0.0000
14534     2     2     0.0000
14534     3     2     0.0000
14535     1     2     0.0000
14535     2     2     0.0000
14535     3     2     0.0000
14536     1     2     0.0000
14536     2     2     0.0000
14536     3     2     0.0000
14537     1     2     0.0000
14537     2     2     0.0000
14537     3     2     0.0000
14538     1     2     0.0000
14538     2     2     0.0000
14538     3     2     0.0000
14539     1     2     0.0000
14539     2     2     0.0000
14539     3     2     0.0000
14540     1     2     0.0000
14540     2     2     0.0000
14540     3     2     0.0000
14541     1     2     0.0000
14541     2     2     0.0000
14541     3     2     0.0000
14542     1     2     0.0000
14542     2     2     0.0000
14542     3     2     0.0000
14543     1     2     0.0000
14543     2     2     0.0000
14543     3     2     0.0000
14544     1     2     0.0000
14544     2     2     0.0000
14544     3     2     0.0000
14545     1     2     0.0000
14545     2     2     0.0000
14545     3     2     0.0000
14546     1     2     0.0000
14546     2     2     0.0000
14546     3     2     0.0000
14547     1     2     0.0000
14547     2     2     0.0000
14547     3     2     0.0000
14548     1     2     0.0000
14548     2     2     0.0000
14548     3     2     0.0000
14549     1     2     0.0000
14549     2     2     0.0000
14549     3     2     0.0000
14550     1     2     0.0000
14550     2     2     0.0000
14550     3     2     0.0000
14551     1     2     0.0000
14551     2     2     0.0000
14551     3     2     0.0000
14552     1     2     0.0000
14552     2     2     0.0000
14552     3     2     0.0000
14553     1     2     0.0000
14553     2     2     0.0000
14553     3     2     0.0000
14554     1     2     0.0000
14554     2     2     0.0000
14554     3     2     0.0000
14555     1     2     0.0000
14555     2     2     0.0000
14555     3     2     0.0000
14556     1     2     0.0000
14556     2     2     0.0000
14556     3     2     0.0000
14557     1     2     0.0000
14557     2     2     0.0000
14557     3     2     0.0000
14558     1     2     0.0000
14558     2     2     0.0000
14558     3     2     0.0000
14559     1     2     0.0000
14559     2     2     0.0000
14559     3     2     0.0000
14560     1     2     0.0000
14560     2     2     0.0000
14560     3     2     0.0000
14561     1     2     0.0000
14561     2     2     0.0000
14561     3     2     0.0000
14562     1     2     0.0000
14562     2     2     0.0000
14562     3     2     0.0000
14563     1     2     0.0000
14563     2     2     0.0000
14563     3     2     0.0000
14564     1     2     0.0000
14564     2     2     0.0000
14564     3     2     0.0000
14565     1     2     0.0000
14565     2     2     0.0000
14565     3     2     0.0000
14566     1     2     0.0000
14566     2     2     0.0000
14566     3     2     0.0000
14567     1     2     0.0000
14567     2     2     0.0000
14567     3     2     0.0000
14568     1     2     0.0000
14568     2     2     0.0000
14568     3     2     0.0000
14569     1     2     0.0000
14569     2     2     0.0000
14569     3     2     0.0000
14570     1     2     0.0000
14570     2     2     0.0000
14570     3     2     0.0000
14571     1     2     0.0000
14571     2     2     0.0000
14571     3     2     0.0000
14572     1     2     0.0000
14572     2     2     0.0000
14572     3     2     0.0000
14573     1     2     0.0000
14573     2     2     0.0000
14573     3     2     0.0000
14574     1     2     0.0000
14574     2     2     0.0000
14574     3     2     0.0000
14575     1     2     0.0000
14575     2     2     0.0000
14575     3     2     0.0000
14576     1     2     0.0000
14576     2     2     0.0000
14576     3     2     0.0000
14577     1     2     0.0000
14577     2     2     0.0000
14577     3     2     0.0000
14578     1     2     0.0000
14578     2     2     0.0000
14578     3     2     0.0000
14579     1     2     0.0000
14579     2     2     0.0000
14579     3     2     0.0000
14580     1     2     0.0000
14580     2     2     0.0000
14580     3     2     0.0000
14581     1     2     0.0000
14581     2     2     0.0000
14581     3     2     0.0000
14582     1     2     0.0000
14582     2     2     0.0000
14582     3     2     0.0000
14583     1     2     0.0000
14583     2     2     0.0000
14583     3     2     0.0000
14584     1     2     0.0000
14584     2     2     0.0000
14584     3     2     0.0000
14585     1     2     0.0000
14585     2     2     0.0000
14585     3     2     0.0000
14586     1     2     0.0000
14586     2     2     0.0000
14586     3     2     0.0000
14587     1     2     0.0000
14587     2     2     0.0000
14587     3     2     0.0000
14588     1     2     0.0000
14588     2     2     0.0000
14588     3     2     0.0000
14589     1     2     0.0000
14589     2     2     0.0000
14589     3     2     0.0000
14590     1     2     0.0000
14590     2     2     0.0000
14590     3     2     0.0000
14591     1     2     0.0000
14591     2     2     0.0000
14591     3     2     0.0000
14592     1     2     0.0000
14592     2     2     0.0000
14592     3     2     0.0000
14593     1     2     0.0000
14593     2     2     0.0000
14593     3     2     0.0000
14594     1     2     0.0000
14594     2     2     0.0000
14594     3     2     0.0000
14595     1     2     0.0000
14595     2     2     0.0000
14595     3     2     0.0000
14596     1     2     0.0000
14596     2     2     0.0000
14596     3     2     0.0000
14597     1     2     0.0000
14597     2     2     0.0000
14597     3     2     0.0000
14598     1     2     0.0000
14598     2     2     0.0000
14598     3     2     0.0000
14599     1     2     0.0000
14599     2     2     0.0000
14599     3     2     0.0000
14600     1     2     0.0000
14600     2     2     0.0000
14600     3     2     0.0000
14601     1     2     0.0000
14601     2     2     0.0000
14601     3     2     0.0000
14602     1     2     0.0000
14602     2     2     0.0000
14602     3     2     0.0000
14603     1     2     0.0000
14603     2     2     0.0000
14603     3     2     0.0000
14604     1     2     0.0000
14604     2     2     0.0000
14604     3     2     0.0000
14605     1     2     0.0000
14605     2     2     0.0000
14605     3     2     0.0000
14606     1     2     0.0000
14606     2     2     0.0000
14606     3     2     0.0000
14607     1     2     0.0000
14607     2     2     0.0000
14607     3     2     0.0000
14608     1     2     0.0000
14608     2     2     0.0000
14608     3     2     0.0000
14609     1     2     0.0000
14609     2     2     0.0000
14609     3     2     0.0000
14610     1     2     0.0000
14610     2     2     0.0000
14610     3     2     0.0000
14611     1     2     0.0000
14611     2     2     0.0000
14611     3     2     0.0000
14612     1     2     0.0000
14612     2     2     0.0000
14612     3     2     0.0000
14613     1     2     0.0000
14613     2     2     0.0000
14613     3     2     0.0000
14614     1     2     0.0000
14614     2     2     0.0000
14614     3     2     0.0000
14615     1     2     0.0000
14615     2     2     0.0000
14615     3     2     0.0000
14616     1     2     0.0000
14616     2     2     0.0000
14616     3     2     0.0000
14617     1     2     0.0000
14617     2     2     0.0000
14617     3     2     0.0000
14618     1     2     0.0000
14618     2     2     0.0000
14618     3     2     0.0000
14619     1     2     0.0000
14619     2     2     0.0000
14619     3     2     0.0000
14620     1     2     0.0000
14620     2     2     0.0000
14620     3     2     0.0000
14621     1     2     0.0000
14621     2     2     0.0000
14621     3     2     0.0000
14622     1     2     0.0000
14622     2     2     0.0000
14622     3     2     0.0000
14623     1     2     0.0000
14623     2     2     0.0000
14623     3     2     0.0000
14624     1     2     0.0000
14624     2     2     0.0000
14624     3     2     0.0000
14625     1     2     0.0000
14625     2     2     0.0000
14625     3     2     0.0000
14626     1     2     0.0000
14626     2     2     0.0000
14626     3     2     0.0000
14627     1     2     0.0000
14627     2     2     0.0000
14627     3     2     0.0000
14628     1     2     0.0000
14628     2     2     0.0000
14628     3     2     0.0000
14629     1     2     0.0000
14629     2     2     0.0000
14629     3     2     0.0000
14630     1     2     0.0000
14630     2     2     0.0000
14630     3     2     0.0000
14631     1     2     0.0000
14631     2     2     0.0000
14631     3     2     0.0000
14632     1     2     0.0000
14632     2     2     0.0000
14632     3     2     0.0000
14633     1     2     0.0000
14633     2     2     0.0000
14633     3     2     0.0000
14634     1     2     0.0000
14634     2     2     0.0000
14634     3     2     0.0000
14635     1     2     0.0000
14635     2     2     0.0000
14635     3     2     0.0000
14636     1     2     0.0000
14636     2     2     0.0000
14636     3     2     0.0000
14637     1     2     0.0000
14637     2     2     0.0000
14637     3     2     0.0000
14638     1     2     0.0000
14638     2     2     0.0000
14638     3     2     0.0000
14639     1     2     0.0000
14639     2     2     0.0000
14639     3     2     0.0000
14640     1     2     0.0000
14640     2     2     0.0000
14640     3     2     0.0000
14641     1     2     0.0000
14641     2     2     0.0000
14641     3     2     0.0000
14642     1     2     0.0000
14642     2     2     0.0000
14642     3     2     0.0000
14643     1     2     0.0000
14643     2     2     0.0000
14643     3     2     0.0000
14644     1     2     0.0000
14644     2     2     0.0000
14644     3     2     0.0000
14645     1     2     0.0000
14645     2     2     0.0000
14645     3     2     0.0000
14646     1     2     0.0000
14646     2     2     0.0000
14646     3     2     0.0000
14647     1     2     0.0000
14647     2     2     0.0000
14647     3     2     0.0000
14648     1     2     0.0000
14648     2     2     0.0000
14648     3     2     0.0000
14649     1     2     0.0000
14649     2     2     0.0000
14649     3     2     0.0000
14650     1     2     0.0000
14650     2     2     0.0000
14650     3     2     0.0000
14651     1     2     0.0000
14651     2     2     0.0000
14651     3     2     0.0000
14652     1     2     0.0000
14652     2     2     0.0000
14652     3     2     0.0000
14653     1     2     0.0000
14653     2     2     0.0000
14653     3     2     0.0000
14654     1     2     0.0000
14654     2     2     0.0000
14654     3     2     0.0000
14655     1     2     0.0000
14655     2     2     0.0000
14655     3     2     0.0000
14656     1     2     0.0000
14656     2     2     0.0000
14656     3     2     0.0000
14657     1     2     0.0000
14657     2     2     0.0000
14657     3     2     0.0000
14658     1     2     0.0000
14658     2     2     0.0000
14658     3     2     0.0000
14659     1     2     0.0000
14659     2     2     0.0000
14659     3     2     0.0000
14660     1     2     0.0000
14660     2     2     0.0000
14660     3     2     0.0000
14661     1     2     0.0000
14661     2     2     0.0000
14661     3     2     0.0000
14662     1     2     0.0000
14662     2     2     0.0000
14662     3     2     0.0000
14663     1     2     0.0000
14663     2     2     0.0000
14663     3     2     0.0000
14664     1     2     0.0000
14664     2     2     0.0000
14664     3     2     0.0000
14665     1     2     0.0000
14665     2     2     0.0000
14665     3     2     0.0000
14666     1     2     0.0000
14666     2     2     0.0000
14666     3     2     0.0000
14667     1     2     0.0000
14667     2     2     0.0000
14667     3     2     0.0000
14668     1     2     0.0000
14668     2     2     0.0000
14668     3     2     0.0000
14669     1     2     0.0000
14669     2     2     0.0000
14669     3     2     0.0000
14670     1     2     0.0000
14670     2     2     0.0000
14670     3     2     0.0000
14671     1     2     0.0000
14671     2     2     0.0000
14671     3     2     0.0000
14672     1     2     0.0000
14672     2     2     0.0000
14672     3     2     0.0000
14673     1     2     0.0000
14673     2     2     0.0000
14673     3     2     0.0000
14674     1     2     0.0000
14674     2     2     0.0000
14674     3     2     0.0000
14675     1     2     0.0000
14675     2     2     0.0000
14675     3     2     0.0000
14676     1     2     0.0000
14676     2     2     0.0000
14676     3     2     0.0000
14677     1     2     0.0000
14677     2     2     0.0000
14677     3     2     0.0000
14678     1     2     0.0000
14678     2     2     0.0000
14678     3     2     0.0000
14679     1     2     0.0000
14679     2     2     0.0000
14679     3     2     0.0000
14680     1     2     0.0000
14680     2     2     0.0000
14680     3     2     0.0000
14681     1     2     0.0000
14681     2     2     0.0000
14681     3     2     0.0000
14682     1     2     0.0000
14682     2     2     0.0000
14682     3     2     0.0000
14683     1     2     0.0000
14683     2     2     0.0000
14683     3     2     0.0000
14684     1     2     0.0000
14684     2     2     0.0000
14684     3     2     0.0000
14685     1     2     0.0000
14685     2     2     0.0000
14685     3     2     0.0000
14686     1     2     0.0000
14686     2     2     0.0000
14686     3     2     0.0000
14687     1     2     0.0000
14687     2     2     0.0000
14687     3     2     0.0000
14688     1     2     0.0000
14688     2     2     0.0000
14688     3     2     0.0000
14689     1     2     0.0000
14689     2     2     0.0000
14689     3     2     0.0000
14690     1     2     0.0000
14690     2     2     0.0000
14690     3     2     0.0000
14691     1     2     0.0000
14691     2     2     0.0000
14691     3     2     0.0000
14692     1     2     0.0000
14692     2     2     0.0000
14692     3     2     0.0000
14693     1     2     0.0000
14693     2     2     0.0000
14693     3     2     0.0000
14694     1     2     0.0000
14694     2     2     0.0000
14694     3     2     0.0000
14695     1     2     0.0000
14695     2     2     0.0000
14695     3     2     0.0000
14696     1     2     0.0000
14696     2     2     0.0000
14696     3     2     0.0000
14697     1     2     0.0000
14697     2     2     0.0000
14697     3     2     0.0000
14698     1     2     0.0000
14698     2     2     0.0000
14698     3     2     0.0000
14699     1     2     0.0000
14699     2     2     0.0000
14699     3     2     0.0000
14700     1     2     0.0000
14700     2     2     0.0000
14700     3     2     0.0000
14701     1     2     0.0000
14701     2     2     0.0000
14701     3     2     0.0000
14702     1     2     0.0000
14702     2     2     0.0000
14702     3     2     0.0000
14703     1     2     0.0000
14703     2     2     0.0000
14703     3     2     0.0000
14704     1     2     0.0000
14704     2     2     0.0000
14704     3     2     0.0000
14705     1     2     0.0000
14705     2     2     0.0000
14705     3     2     0.0000
14706     1     2     0.0000
14706     2     2     0.0000
14706     3     2     0.0000
14707     1     2     0.0000
14707     2     2     0.0000
14707     3     2     0.0000
14708     1     2     0.0000
14708     2     2     0.0000
14708     3     2     0.0000
14709     1     2     0.0000
14709     2     2     0.0000
14709     3     2     0.0000
14710     1     2     0.0000
14710     2     2     0.0000
14710     3     2     0.0000
14711     1     2     0.0000
14711     2     2     0.0000
14711     3     2     0.0000
14712     1     2     0.0000
14712     2     2     0.0000
14712     3     2     0.0000
14713     1     2     0.0000
14713     2     2     0.0000
14713     3     2     0.0000
14714     1     2     0.0000
14714     2     2     0.0000
14714     3     2     0.0000
14715     1     2     0.0000
14715     2     2     0.0000
14715     3     2     0.0000
14716     1     2     0.0000
14716     2     2     0.0000
14716     3     2     0.0000
14717     1     2     0.0000
14717     2     2     0.0000
14717     3     2     0.0000
14718     1     2     0.0000
14718     2     2     0.0000
14718     3     2     0.0000
14719     1     2     0.0000
14719     2     2     0.0000
14719     3     2     0.0000
14720     1     2     0.0000
14720     2     2     0.0000
14720     3     2     0.0000
14721     1     2     0.0000
14721     2     2     0.0000
14721     3     2     0.0000
14722     1     2     0.0000
14722     2     2     0.0000
14722     3     2     0.0000
14723     1     2     0.0000
14723     2     2     0.0000
14723     3     2     0.0000
14724     1     2     0.0000
14724     2     2     0.0000
14724     3     2     0.0000
14725     1     2     0.0000
14725     2     2     0.0000
14725     3     2     0.0000
14726     1     2     0.0000
14726     2     2     0.0000
14726     3     2     0.0000
14727     1     2     0.0000
14727     2     2     0.0000
14727     3     2     0.0000
14728     1     2     0.0000
14728     2     2     0.0000
14728     3     2     0.0000
14729     1     2     0.0000
14729     2     2     0.0000
14729     3     2     0.0000
14730     1     2     0.0000
14730     2     2     0.0000
14730     3     2     0.0000
14731     1     2     0.0000
14731     2     2     0.0000
14731     3     2     0.0000
14732     1     2     0.0000
14732     2     2     0.0000
14732     3     2     0.0000
14733     1     2     0.0000
14733     2     2     0.0000
14733     3     2     0.0000
14734     1     2     0.0000
14734     2     2     0.0000
14734     3     2     0.0000
14735     1     2     0.0000
14735     2     2     0.0000
14735     3     2     0.0000
14736     1     2     0.0000
14736     2     2     0.0000
14736     3     2     0.0000
14737     1     2     0.0000
14737     2     2     0.0000
14737     3     2     0.0000
14738     1     2     0.0000
14738     2     2     0.0000
14738     3     2     0.0000
14739     1     2     0.0000
14739     2     2     0.0000
14739     3     2     0.0000
14740     1     2     0.0000
14740     2     2     0.0000
14740     3     2     0.0000
14741     1     2     0.0000
14741     2     2     0.0000
14741     3     2     0.0000
14742     1     2     0.0000
14742     2     2     0.0000
14742     3     2     0.0000
14743     1     2     0.0000
14743     2     2     0.0000
14743     3     2     0.0000
14744     1     2     0.0000
14744     2     2     0.0000
14744     3     2     0.0000
14745     1     2     0.0000
14745     2     2     0.0000
14745     3     2     0.0000
14746     1     2     0.0000
14746     2     2     0.0000
14746     3     2     0.0000
14747     1     2     0.0000
14747     2     2     0.0000
14747     3     2     0.0000
14748     1     2     0.0000
14748     2     2     0.0000
14748     3     2     0.0000
14749     1     2     0.0000
14749     2     2     0.0000
14749     3     2     0.0000
14750     1     2     0.0000
14750     2     2     0.0000
14750     3     2     0.0000
14751     1     2     0.0000
14751     2     2     0.0000
14751     3     2     0.0000
14752     1     2     0.0000
14752     2     2     0.0000
14752     3     2     0.0000
14753     1     2     0.0000
14753     2     2     0.0000
14753     3     2     0.0000
14754     1     2     0.0000
14754     2     2     0.0000
14754     3     2     0.0000
14755     1     2     0.0000
14755     2     2     0.0000
14755     3     2     0.0000
14756     1     2     0.0000
14756     2     2     0.0000
14756     3     2     0.0000
14757     1     2     0.0000
14757     2     2     0.0000
14757     3     2     0.0000
14758     1     2     0.0000
14758     2     2     0.0000
14758     3     2     0.0000
14759     1     2     0.0000
14759     2     2     0.0000
14759     3     2     0.0000
14760     1     2     0.0000
14760     2     2     0.0000
14760     3     2     0.0000
14761     1     2     0.0000
14761     2     2     0.0000
14761     3     2     0.0000
14762     1     2     0.0000
14762     2     2     0.0000
14762     3     2     0.0000
14763     1     2     0.0000
14763     2     2     0.0000
14763     3     2     0.0000
14764     1     2     0.0000
14764     2     2     0.0000
14764     3     2     0.0000
14765     1     2     0.0000
14765     2     2     0.0000
14765     3     2     0.0000
14766     1     2     0.0000
14766     2     2     0.0000
14766     3     2     0.0000
14767     1     2     0.0000
14767     2     2     0.0000
14767     3     2     0.0000
14768     1     2     0.0000
14768     2     2     0.0000
14768     3     2     0.0000
14769     1     2     0.0000
14769     2     2     0.0000
14769     3     2     0.0000
14770     1     2     0.0000
14770     2     2     0.0000
14770     3     2     0.0000
14771     1     2     0.0000
14771     2     2     0.0000
14771     3     2     0.0000
14772     1     2     0.0000
14772     2     2     0.0000
14772     3     2     0.0000
14773     1     2     0.0000
14773     2     2     0.0000
14773     3     2     0.0000
14774     1     2     0.0000
14774     2     2     0.0000
14774     3     2     0.0000
14775     1     2     0.0000
14775     2     2     0.0000
14775     3     2     0.0000
14776     1     2     0.0000
14776     2     2     0.0000
14776     3     2     0.0000
14777     1     2     0.0000
14777     2     2     0.0000
14777     3     2     0.0000
14778     1     2     0.0000
14778     2     2     0.0000
14778     3     2     0.0000
14779     1     2     0.0000
14779     2     2     0.0000
14779     3     2     0.0000
14780     1     2     0.0000
14780     2     2     0.0000
14780     3     2     0.0000
14781     1     2     0.0000
14781     2     2     0.0000
14781     3     2     0.0000
14782     1     2     0.0000
14782     2     2     0.0000
14782     3     2     0.0000
14783     1     2     0.0000
14783     2     2     0.0000
14783     3     2     0.0000
14784     1     2     0.0000
14784     2     2     0.0000
14784     3     2     0.0000
14785     1     2     0.0000
14785     2     2     0.0000
14785     3     2     0.0000
14786     1     2     0.0000
14786     2     2     0.0000
14786     3     2     0.0000
14787     1     2     0.0000
14787     2     2     0.0000
14787     3     2     0.0000
14788     1     2     0.0000
14788     2     2     0.0000
14788     3     2     0.0000
14789     1     2     0.0000
14789     2     2     0.0000
14789     3     2     0.0000
14790     1     2     0.0000
14790     2     2     0.0000
14790     3     2     0.0000
14791     1     2     0.0000
14791     2     2     0.0000
14791     3     2     0.0000
14792     1     2     0.0000
14792     2     2     0.0000
14792     3     2     0.0000
14793     1     2     0.0000
14793     2     2     0.0000
14793     3     2     0.0000
14794     1     2     0.0000
14794     2     2     0.0000
14794     3     2     0.0000
14795     1     2     0.0000
14795     2     2     0.0000
14795     3     2     0.0000
14796     1     2     0.0000
14796     2     2     0.0000
14796     3     2     0.0000
14797     1     2     0.0000
14797     2     2     0.0000
14797     3     2     0.0000
14798     1     2     0.0000
14798     2     2     0.0000
14798     3     2     0.0000
14799     1     2     0.0000
14799     2     2     0.0000
14799     3     2     0.0000
14800     1     2     0.0000
14800     2     2     0.0000
14800     3     2     0.0000
14801     1     2     0.0000
14801     2     2     0.0000
14801     3     2     0.0000
14802     1     2     0.0000
14802     2     2     0.0000
14802     3     2     0.0000
14803     1     2     0.0000
14803     2     2     0.0000
14803     3     2     0.0000
14804     1     2     0.0000
14804     2     2     0.0000
14804     3     2     0.0000
14805     1     2     0.0000
14805     2     2     0.0000
14805     3     2     0.0000
14806     1     2     0.0000
14806     2     2     0.0000
14806     3     2     0.0000
14807     1     2     0.0000
14807     2     2     0.0000
14807     3     2     0.0000
14808     1     2     0.0000
14808     2     2     0.0000
14808     3     2     0.0000
14809     1     2     0.0000
14809     2     2     0.0000
14809     3     2     0.0000
14810     1     2     0.0000
14810     2     2     0.0000
14810     3     2     0.0000
14811     1     2     0.0000
14811     2     2     0.0000
14811     3     2     0.0000
14812     1     2     0.0000
14812     2     2     0.0000
14812     3     2     0.0000
14813     1     2     0.0000
14813     2     2     0.0000
14813     3     2     0.0000
14814     1     2     0.0000
14814     2     2     0.0000
14814     3     2     0.0000
14815     1     2     0.0000
14815     2     2     0.0000
14815     3     2     0.0000
14816     1     2     0.0000
14816     2     2     0.0000
14816     3     2     0.0000
14817     1     2     0.0000
14817     2     2     0.0000
14817     3     2     0.0000
14818     1     2     0.0000
14818     2     2     0.0000
14818     3     2     0.0000
14819     1     2     0.0000
14819     2     2     0.0000
14819     3     2     0.0000
14820     1     2     0.0000
14820     2     2     0.0000
14820     3     2     0.0000
14821     1     2     0.0000
14821     2     2     0.0000
14821     3     2     0.0000
14822     1     2     0.0000
14822     2     2     0.0000
14822     3     2     0.0000
14823     1     2     0.0000
14823     2     2     0.0000
14823     3     2     0.0000
14824     1     2     0.0000
14824     2     2     0.0000
14824     3     2     0.0000
14825     1     2     0.0000
14825     2     2     0.0000
14825     3     2     0.0000
14826     1     2     0.0000
14826     2     2     0.0000
14826     3     2     0.0000
14827     1     2     0.0000
14827     2     2     0.0000
14827     3     2     0.0000
14828     1     2     0.0000
14828     2     2     0.0000
14828     3     2     0.0000
14829     1     2     0.0000
14829     2     2     0.0000
14829     3     2     0.0000
14830     1     2     0.0000
14830     2     2     0.0000
14830     3     2     0.0000
14831     1     2     0.0000
14831     2     2     0.0000
14831     3     2     0.0000
14832     1     2     0.0000
14832     2     2     0.0000
14832     3     2     0.0000
14833     1     2     0.0000
14833     2     2     0.0000
14833     3     2     0.0000
14834     1     2     0.0000
14834     2     2     0.0000
14834     3     2     0.0000
14835     1     2     0.0000
14835     2     2     0.0000
14835     3     2     0.0000
14836     1     2     0.0000
14836     2     2     0.0000
14836     3     2     0.0000
14837     1     2     0.0000
14837     2     2     0.0000
14837     3     2     0.0000
14838     1     2     0.0000
14838     2     2     0.0000
14838     3     2     0.0000
14839     1     2     0.0000
14839     2     2     0.0000
14839     3     2     0.0000
14840     1     2     0.0000
14840     2     2     0.0000
14840     3     2     0.0000
14841     1     2     0.0000
14841     2     2     0.0000
14841     3     2     0.0000
14842     1     2     0.0000
14842     2     2     0.0000
14842     3     2     0.0000
14843     1     2     0.0000
14843     2     2     0.0000
14843     3     2     0.0000
14844     1     2     0.0000
14844     2     2     0.0000
14844     3     2     0.0000
14845     1     2     0.0000
14845     2     2     0.0000
14845     3     2     0.0000
14846     1     2     0.0000
14846     2     2     0.0000
14846     3     2     0.0000
14847     1     2     0.0000
14847     2     2     0.0000
14847     3     2     0.0000
14848     1     2     0.0000
14848     2     2     0.0000
14848     3     2     0.0000
14849     1     2     0.0000
14849     2     2     0.0000
14849     3     2     0.0000
14850     1     2     0.0000
14850     2     2     0.0000
14850     3     2     0.0000
14851     1     2     0.0000
14851     2     2     0.0000
14851     3     2     0.0000
14852     1     2     0.0000
14852     2     2     0.0000
14852     3     2     0.0000
14853     1     2     0.0000
14853     2     2     0.0000
14853     3     2     0.0000
14854     1     2     0.0000
14854     2     2     0.0000
14854     3     2     0.0000
14855     1     2     0.0000
14855     2     2     0.0000
14855     3     2     0.0000
14856     1     2     0.0000
14856     2     2     0.0000
14856     3     2     0.0000
14857     1     2     0.0000
14857     2     2     0.0000
14857     3     2     0.0000
14858     1     2     0.0000
14858     2     2     0.0000
14858     3     2     0.0000
14859     1     2     0.0000
14859     2     2     0.0000
14859     3     2     0.0000
14860     1     2     0.0000
14860     2     2     0.0000
14860     3     2     0.0000
14861     1     2     0.0000
14861     2     2     0.0000
14861     3     2     0.0000
14862     1     2     0.0000
14862     2     2     0.0000
14862     3     2     0.0000
14863     1     2     0.0000
14863     2     2     0.0000
14863     3     2     0.0000
14864     1     2     0.0000
14864     2     2     0.0000
14864     3     2     0.0000
14865     1     2     0.0000
14865     2     2     0.0000
14865     3     2     0.0000
14866     1     2     0.0000
14866     2     2     0.0000
14866     3     2     0.0000
14867     1     2     0.0000
14867     2     2     0.0000
14867     3     2     0.0000
14868     1     2     0.0000
14868     2     2     0.0000
14868     3     2     0.0000
14869     1     2     0.0000
14869     2     2     0.0000
14869     3     2     0.0000
14870     1     2     0.0000
14870     2     2     0.0000
14870     3     2     0.0000
14871     1     2     0.0000
14871     2     2     0.0000
14871     3     2     0.0000
14872     1     2     0.0000
14872     2     2     0.0000
14872     3     2     0.0000
14873     1     2     0.0000
14873     2     2     0.0000
14873     3     2     0.0000
14874     1     2     0.0000
14874     2     2     0.0000
14874     3     2     0.0000
14875     1     2     0.0000
14875     2     2     0.0000
14875     3     2     0.0000
14876     1     2     0.0000
14876     2     2     0.0000
14876     3     2     0.0000
14877     1     2     0.0000
14877     2     2     0.0000
14877     3     2     0.0000
14878     1     2     0.0000
14878     2     2     0.0000
14878     3     2     0.0000
14879     1     2     0.0000
14879     2     2     0.0000
14879     3     2     0.0000
14880     1     2     0.0000
14880     2     2     0.0000
14880     3     2     0.0000
14881     1     2     0.0000
14881     2     2     0.0000
14881     3     2     0.0000
14882     1     2     0.0000
14882     2     2     0.0000
14882     3     2     0.0000
14883     1     2     0.0000
14883     2     2     0.0000
14883     3     2     0.0000
14884     1     2     0.0000
14884     2     2     0.0000
14884     3     2     0.0000
14885     1     2     0.0000
14885     2     2     0.0000
14885     3     2     0.0000
14886     1     2     0.0000
14886     2     2     0.0000
14886     3     2     0.0000
14887     1     2     0.0000
14887     2     2     0.0000
14887     3     2     0.0000
14888     1     2     0.0000
14888     2     2     0.0000
14888     3     2     0.0000
14889     1     2     0.0000
14889     2     2     0.0000
14889     3     2     0.0000
14890     1     2     0.0000
14890     2     2     0.0000
14890     3     2     0.0000
14891     1     2     0.0000
14891     2     2     0.0000
14891     3     2     0.0000
14892     1     2     0.0000
14892     2     2     0.0000
14892     3     2     0.0000
14893     1     2     0.0000
14893     2     2     0.0000
14893     3     2     0.0000
14894     1     2     0.0000
14894     2     2     0.0000
14894     3     2     0.0000
14895     1     2     0.0000
14895     2     2     0.0000
14895     3     2     0.0000
14896     1     2     0.0000
14896     2     2     0.0000
14896     3     2     0.0000
14897     1     2     0.0000
14897     2     2     0.0000
14897     3     2     0.0000
14898     1     2     0.0000
14898     2     2     0.0000
14898     3     2     0.0000
14899     1     2     0.0000
14899     2     2     0.0000
14899     3     2     0.0000
14900     1     2     0.0000
14900     2     2     0.0000
14900     3     2     0.0000
14901     1     2     0.0000
14901     2     2     0.0000
14901     3     2     0.0000
14902     1     2     0.0000
14902     2     2     0.0000
14902     3     2     0.0000
14903     1     2     0.0000
14903     2     2     0.0000
14903     3     2     0.0000
14904     1     2     0.0000
14904     2     2     0.0000
14904     3     2     0.0000
14905     1     2     0.0000
14905     2     2     0.0000
14905     3     2     0.0000
14906     1     2     0.0000
14906     2     2     0.0000
14906     3     2     0.0000
14907     1     2     0.0000
14907     2     2     0.0000
14907     3     2     0.0000
14908     1     2     0.0000
14908     2     2     0.0000
14908     3     2     0.0000
14909     1     2     0.0000
14909     2     2     0.0000
14909     3     2     0.0000
14910     1     2     0.0000
14910     2     2     0.0000
14910     3     2     0.0000
14911     1     2     0.0000
14911     2     2     0.0000
14911     3     2     0.0000
14912     1     2     0.0000
14912     2     2     0.0000
14912     3     2     0.0000
14913     1     2     0.0000
14913     2     2     0.0000
14913     3     2     0.0000
14914     1     2     0.0000
14914     2     2     0.0000
14914     3     2     0.0000
14915     1     2     0.0000
14915     2     2     0.0000
14915     3     2     0.0000
14916     1     2     0.0000
14916     2     2     0.0000
14916     3     2     0.0000
14917     1     2     0.0000
14917     2     2     0.0000
14917     3     2     0.0000
14918     1     2     0.0000
14918     2     2     0.0000
14918     3     2     0.0000
14919     1     2     0.0000
14919     2     2     0.0000
14919     3     2     0.0000
14920     1     2     0.0000
14920     2     2     0.0000
14920     3     2     0.0000
14921     1     2     0.0000
14921     2     2     0.0000
14921     3     2     0.0000
14922     1     2     0.0000
14922     2     2     0.0000
14922     3     2     0.0000
14923     1     2     0.0000
14923     2     2     0.0000
14923     3     2     0.0000
14924     1     2     0.0000
14924     2     2     0.0000
14924     3     2     0.0000
14925     1     2     0.0000
14925     2     2     0.0000
14925     3     2     0.0000
14926     1     2     0.0000
14926     2     2     0.0000
14926     3     2     0.0000
14927     1     2     0.0000
14927     2     2     0.0000
14927     3     2     0.0000
14928     1     2     0.0000
14928     2     2     0.0000
14928     3     2     0.0000
14929     1     2     0.0000
14929     2     2     0.0000
14929     3     2     0.0000
14930     1     2     0.0000
14930     2     2     0.0000
14930     3     2     0.0000
14931     1     2     0.0000
14931     2     2     0.0000
14931     3     2     0.0000
14932     1     2     0.0000
14932     2     2     0.0000
14932     3     2     0.0000
14933     1     2     0.0000
14933     2     2     0.0000
14933     3     2     0.0000
14934     1     2     0.0000
14934     2     2     0.0000
14934     3     2     0.0000
14935     1     2     0.0000
14935     2     2     0.0000
14935     3     2     0.0000
14936     1     2     0.0000
14936     2     2     0.0000
14936     3     2     0.0000
14937     1     2     0.0000
14937     2     2     0.0000
14937     3     2     0.0000
14938     1     2     0.0000
14938     2     2     0.0000
14938     3     2     0.0000
14939     1     2     0.0000
14939     2     2     0.0000
14939     3     2     0.0000
14940     1     2     0.0000
14940     2     2     0.0000
14940     3     2     0.0000
14941     1     2     0.0000
14941     2     2     0.0000
14941     3     2     0.0000
14942     1     2     0.0000
14942     2     2     0.0000
14942     3     2     0.0000
14943     1     2     0.0000
14943     2     2     0.0000
14943     3     2     0.0000
14944     1     2     0.0000
14944     2     2     0.0000
14944     3     2     0.0000
14945     1     2     0.0000
14945     2     2     0.0000
14945     3     2     0.0000
14946     1     2     0.0000
14946     2     2     0.0000
14946     3     2     0.0000
14947     1     2     0.0000
14947     2     2     0.0000
14947     3     2     0.0000
14948     1     2     0.0000
14948     2     2     0.0000
14948     3     2     0.0000
14949     1     2     0.0000
14949     2     2     0.0000
14949     3     2     0.0000
14950     1     2     0.0000
14950     2     2     0.0000
14950     3     2     0.0000
14951     1     2     0.0000
14951     2     2     0.0000
14951     3     2     0.0000
14952     1     2     0.0000
14952     2     2     0.0000
14952     3     2     0.0000
14953     1     2     0.0000
14953     2     2     0.0000
14953     3     2     0.0000
14954     1     2     0.0000
14954     2     2     0.0000
14954     3     2     0.0000
14955     1     2     0.0000
14955     2     2     0.0000
14955     3     2     0.0000
14956     1     2     0.0000
14956     2     2     0.0000
14956     3     2     0.0000
14957     1     2     0.0000
14957     2     2     0.0000
14957     3     2     0.0000
14958     1     2     0.0000
14958     2     2     0.0000
14958     3     2     0.0000
14959     1     2     0.0000
14959     2     2     0.0000
14959     3     2     0.0000
14960     1     2     0.0000
14960     2     2     0.0000
14960     3     2     0.0000
14961     1     2     0.0000
14961     2     2     0.0000
14961     3     2     0.0000
14962     1     2     0.0000
14962     2     2     0.0000
14962     3     2     0.0000
14963     1     2     0.0000
14963     2     2     0.0000
14963     3     2     0.0000
14964     1     2     0.0000
14964     2     2     0.0000
14964     3     2     0.0000
14965     1     2     0.0000
14965     2     2     0.0000
14965     3     2     0.0000
14966     1     2     0.0000
14966     2     2     0.0000
14966     3     2     0.0000
14967     1     2     0.0000
14967     2     2     0.0000
14967     3     2     0.0000
14968     1     2     0.0000
14968     2     2     0.0000
14968     3     2     0.0000
14969     1     2     0.0000
14969     2     2     0.0000
14969     3     2     0.0000
14970     1     2     0.0000
14970     2     2     0.0000
14970     3     2     0.0000
14971     1     2     0.0000
14971     2     2     0.0000
14971     3     2     0.0000
14972     1     2     0.0000
14972     2     2     0.0000
14972     3     2     0.0000
14973     1     2     0.0000
14973     2     2     0.0000
14973     3     2     0.0000
14974     1     2     0.0000
14974     2     2     0.0000
14974     3     2     0.0000
14975     1     2     0.0000
14975     2     2     0.0000
14975     3     2     0.0000
14976     1     2     0.0000
14976     2     2     0.0000
14976     3     2     0.0000
