    26    Z88I2.TXT,erzeugt von Z88X V14.0
     1     1     1 +1.04720E+004
     1     2     2 +0.00000E+000
     2     2     2 +0.00000E+000
     3     2     2 +0.00000E+000
     4     2     2 +0.00000E+000
     5     2     2 +0.00000E+000
     6     1     1 +4.10830E+004
     6     2     1 +8.17200E+003
     9     1     1 +1.93500E+004
     9     2     1 +8.01500E+003
    14     1     1 +3.48290E+004
    14     2     1 +2.32720E+004
    17     1     1 +1.48100E+004
    17     2     1 +1.48100E+004
    22     1     1 +2.32720E+004
    22     2     1 +3.48290E+004
    25     1     1 +8.01500E+003
    25     2     1 +1.93500E+004
    30     1     1 +8.17200E+003
    30     2     1 +4.10830E+004
    33     1     2 +0.00000E+000
    33     2     1 +1.04720E+004
    34     1     2 +0.00000E+000
    35     1     2 +0.00000E+000
    36     1     2 +0.00000E+000
    37     1     2 +0.00000E+000
