  463   Z88I2.TXT,via Z88G V14OS NASTRAN
    1     2     1   -18.2115
    2     2     1   -22.2452
    3     2     1   -18.2115
    4     2     1   -28.2079
    5     2     1   -37.6002
    6     2     1   -36.4474
    7     2     1   -36.0483
    8     2     1   -36.0454
    9     2     1   -46.1206
   10     2     1   -87.5182
   11     2     1   -37.2507
   12     2     1   -35.6601
   13     2     1   -35.1888
   14     2     1   -34.3743
   15     2     1   -29.1055
   16     2     1   -81.4083
   17     2     1   -78.9981
   18     2     1   -72.3399
   19     2     1   -70.6507
   20     2     1   -66.3762
   21     2     1   -48.2325
   22     2     1   -35.8496
   23     2     1   -32.6056
   24     2     1   -32.1191
   25     2     1   -32.3760
   26     2     1   -33.9481
   27     2     1   -29.8042
   28     2     1   -35.5181
   29     2     1   -31.9001
   30     2     1   -31.3512
   31     2     1   -31.2017
   32     2     1   -28.8855
   33     2     1   -24.8084
   34     2     1   -72.9345
   35     2     1   -64.8957
   36     2     1   -63.9168
   37     2     1   -65.9794
   38     2     1   -62.3317
 1164     1     2     0.0000
 1164     2     2     0.0000
 1165     1     2     0.0000
 1165     2     2     0.0000
 1166     1     2     0.0000
 1166     2     2     0.0000
 1167     1     2     0.0000
 1167     2     2     0.0000
 1168     1     2     0.0000
 1168     2     2     0.0000
 1169     1     2     0.0000
 1169     2     2     0.0000
 1170     1     2     0.0000
 1170     2     2     0.0000
 1171     1     2     0.0000
 1171     2     2     0.0000
 1172     1     2     0.0000
 1172     2     2     0.0000
 1173     1     2     0.0000
 1173     2     2     0.0000
 1174     1     2     0.0000
 1174     2     2     0.0000
 1175     1     2     0.0000
 1175     2     2     0.0000
 1176     1     2     0.0000
 1176     2     2     0.0000
 1177     1     2     0.0000
 1177     2     2     0.0000
 1178     1     2     0.0000
 1178     2     2     0.0000
 1179     1     2     0.0000
 1179     2     2     0.0000
 1180     1     2     0.0000
 1180     2     2     0.0000
 1181     1     2     0.0000
 1181     2     2     0.0000
 1182     1     2     0.0000
 1182     2     2     0.0000
 1183     1     2     0.0000
 1183     2     2     0.0000
 1184     1     2     0.0000
 1184     2     2     0.0000
 1185     1     2     0.0000
 1185     2     2     0.0000
 1186     1     2     0.0000
 1186     2     2     0.0000
 1187     1     2     0.0000
 1187     2     2     0.0000
 1188     1     2     0.0000
 1188     2     2     0.0000
 1189     1     2     0.0000
 1189     2     2     0.0000
 1190     1     2     0.0000
 1190     2     2     0.0000
 1191     1     2     0.0000
 1191     2     2     0.0000
 1213     1     2     0.0000
 1213     2     2     0.0000
 1214     1     2     0.0000
 1214     2     2     0.0000
 1215     1     2     0.0000
 1215     2     2     0.0000
 1216     1     2     0.0000
 1216     2     2     0.0000
 1217     1     2     0.0000
 1217     2     2     0.0000
 1218     1     2     0.0000
 1218     2     2     0.0000
 1219     1     2     0.0000
 1219     2     2     0.0000
 1220     1     2     0.0000
 1220     2     2     0.0000
 1221     1     2     0.0000
 1221     2     2     0.0000
 1222     1     2     0.0000
 1222     2     2     0.0000
 1223     1     2     0.0000
 1223     2     2     0.0000
 1224     1     2     0.0000
 1224     2     2     0.0000
 1225     1     2     0.0000
 1225     2     2     0.0000
 1226     1     2     0.0000
 1226     2     2     0.0000
 1227     1     2     0.0000
 1227     2     2     0.0000
 1228     1     2     0.0000
 1228     2     2     0.0000
 1229     1     2     0.0000
 1229     2     2     0.0000
 1230     1     2     0.0000
 1230     2     2     0.0000
 1231     1     2     0.0000
 1231     2     2     0.0000
 1232     1     2     0.0000
 1232     2     2     0.0000
 1233     1     2     0.0000
 1233     2     2     0.0000
 1234     1     2     0.0000
 1234     2     2     0.0000
 1235     1     2     0.0000
 1235     2     2     0.0000
 1236     1     2     0.0000
 1236     2     2     0.0000
 1237     1     2     0.0000
 1237     2     2     0.0000
 1238     1     2     0.0000
 1238     2     2     0.0000
 1239     1     2     0.0000
 1239     2     2     0.0000
 1240     1     2     0.0000
 1240     2     2     0.0000
 1262     3     2     0.0000
 2615     2     1   -20.6576
 2616     2     1   -36.4229
 2617     2     1   -15.7653
 2626     2     1   -23.5489
 2627     2     1   -44.4903
 2628     2     1   -20.9415
 2640     2     1   -36.4229
 2641     2     1   -20.6576
 2642     2     1   -15.7653
 2652     2     1   -18.7082
 2653     2     1   -37.7076
 2654     2     1   -35.4743
 2655     2     1   -20.9415
 2668     2     1   -23.7877
 2669     2     1   -51.4127
 2670     2     1   -54.5427
 2680     2     1   -24.0277
 2681     2     1   -48.8672
 2682     2     1   -49.1072
 2690     2     1   -23.9493
 2691     2     1   -48.1473
 2692     2     1   -48.0689
 2704     2     1   -24.4651
 2705     2     1   -47.6258
 2706     2     1   -48.1416
 2715     2     1   -45.2224
 2716     2     1   -47.0187
 2717     2     1   -44.2271
 2729     2     1   -51.0877
 2730     2     1   -61.1851
 2731     2     1   -38.5756
 2732     2     1   -33.9605
 2733     2     1   -41.0054
 2738     2     1   -23.4137
 2739     2     1   -53.8438
 2752     2     1   -23.3763
 2753     2     1   -47.9439
 2754     2     1   -47.9065
 2762     2     1   -23.4549
 2763     2     1   -46.9228
 2764     2     1   -47.0014
 2776     2     1   -22.7392
 2777     2     1   -46.0095
 2778     2     1   -45.2938
 2787     2     1   -39.5027
 2788     2     1   -35.4718
 2799     2     1   -38.4397
 2800     2     1   -50.5792
 2801     2     1   -50.2488
 2802     2     1   -58.9451
 2808     2     1   -49.6096
 2814     2     1   -47.6661
 2819     2     1   -46.2311
 2825     2     1   -39.3171
 2834     2     1   -21.1199
 2835     2     1   -50.7577
 2849     2     1   -21.3334
 2850     2     1   -43.8779
 2851     2     1   -44.0913
 2861     2     1   -21.3030
 2862     2     1   -42.9352
 2863     2     1   -42.9048
 2874     2     1   -21.5645
 2875     2     1   -43.1876
 2876     2     1   -43.4491
 2888     2     1   -21.0328
 2889     2     1   -46.8635
 2890     2     1   -46.3317
 2900     2     1   -43.8430
 2912     2     1   -20.7874
 2913     2     1   -50.0948
 2927     2     1   -20.7541
 2928     2     1   -43.0460
 2929     2     1   -43.0127
 2940     2     1   -20.8625
 2941     2     1   -41.8398
 2942     2     1   -41.9482
 2953     2     1   -20.4448
 2954     2     1   -41.9585
 2955     2     1   -41.5408
 2964     2     1   -15.6563
 2965     2     1   -42.1147
 2966     2     1   -37.3262
 2977     2     1   -33.8515
 2991     2     1   -45.0165
 2997     2     1   -42.6875
 3003     2     1   -42.9806
 3009     2     1   -46.9688
10058     1     2     0.0000
10058     2     2     0.0000
10059     1     2     0.0000
10059     2     2     0.0000
10060     1     2     0.0000
10060     2     2     0.0000
10063     1     2     0.0000
10063     2     2     0.0000
10064     1     2     0.0000
10064     2     2     0.0000
10065     1     2     0.0000
10065     2     2     0.0000
10069     1     2     0.0000
10069     2     2     0.0000
10070     1     2     0.0000
10070     2     2     0.0000
10071     1     2     0.0000
10071     2     2     0.0000
10072     1     2     0.0000
10072     2     2     0.0000
10080     1     2     0.0000
10080     2     2     0.0000
10081     1     2     0.0000
10081     2     2     0.0000
10082     1     2     0.0000
10082     2     2     0.0000
10083     1     2     0.0000
10083     2     2     0.0000
10090     1     2     0.0000
10090     2     2     0.0000
10091     1     2     0.0000
10091     2     2     0.0000
10094     1     2     0.0000
10094     2     2     0.0000
10095     1     2     0.0000
10095     2     2     0.0000
10096     1     2     0.0000
10096     2     2     0.0000
10099     1     2     0.0000
10099     2     2     0.0000
10100     1     2     0.0000
10100     2     2     0.0000
10101     1     2     0.0000
10101     2     2     0.0000
10106     1     2     0.0000
10106     2     2     0.0000
10107     1     2     0.0000
10107     2     2     0.0000
10109     1     2     0.0000
10109     2     2     0.0000
10110     1     2     0.0000
10110     2     2     0.0000
10111     1     2     0.0000
10111     2     2     0.0000
10116     1     2     0.0000
10116     2     2     0.0000
10117     1     2     0.0000
10117     2     2     0.0000
10118     1     2     0.0000
10118     2     2     0.0000
10122     1     2     0.0000
10122     2     2     0.0000
10126     1     2     0.0000
10126     2     2     0.0000
10127     1     2     0.0000
10127     2     2     0.0000
10131     1     2     0.0000
10131     2     2     0.0000
10132     1     2     0.0000
10132     2     2     0.0000
10133     1     2     0.0000
10133     2     2     0.0000
10137     1     2     0.0000
10137     2     2     0.0000
10138     1     2     0.0000
10138     2     2     0.0000
10139     1     2     0.0000
10139     2     2     0.0000
10142     1     2     0.0000
10142     2     2     0.0000
10143     1     2     0.0000
10143     2     2     0.0000
10146     1     2     0.0000
10146     2     2     0.0000
10147     1     2     0.0000
10147     2     2     0.0000
10148     1     2     0.0000
10148     2     2     0.0000
10153     1     2     0.0000
10153     2     2     0.0000
10154     1     2     0.0000
10154     2     2     0.0000
10155     1     2     0.0000
10155     2     2     0.0000
10158     1     2     0.0000
10158     2     2     0.0000
10161     1     2     0.0000
10161     2     2     0.0000
10172     1     2     0.0000
10172     2     2     0.0000
10181     1     2     0.0000
10181     2     2     0.0000
10191     1     2     0.0000
10191     2     2     0.0000
10210     1     2     0.0000
10210     2     2     0.0000
10219     1     2     0.0000
10219     2     2     0.0000
10227     1     2     0.0000
10227     2     2     0.0000
10238     1     2     0.0000
10238     2     2     0.0000
10371     1     2     0.0000
10371     2     2     0.0000
10372     1     2     0.0000
10372     2     2     0.0000
10373     1     2     0.0000
10373     2     2     0.0000
10375     1     2     0.0000
10375     2     2     0.0000
10376     1     2     0.0000
10376     2     2     0.0000
10377     1     2     0.0000
10377     2     2     0.0000
10379     1     2     0.0000
10379     2     2     0.0000
10380     1     2     0.0000
10380     2     2     0.0000
10381     1     2     0.0000
10381     2     2     0.0000
10382     1     2     0.0000
10382     2     2     0.0000
10392     1     2     0.0000
10392     2     2     0.0000
10393     1     2     0.0000
10393     2     2     0.0000
10394     1     2     0.0000
10394     2     2     0.0000
10395     1     2     0.0000
10395     2     2     0.0000
10404     1     2     0.0000
10404     2     2     0.0000
10405     1     2     0.0000
10405     2     2     0.0000
10408     1     2     0.0000
10408     2     2     0.0000
10409     1     2     0.0000
10409     2     2     0.0000
10410     1     2     0.0000
10410     2     2     0.0000
10415     1     2     0.0000
10415     2     2     0.0000
10416     1     2     0.0000
10416     2     2     0.0000
10417     1     2     0.0000
10417     2     2     0.0000
10419     1     2     0.0000
10419     2     2     0.0000
10420     1     2     0.0000
10420     2     2     0.0000
10426     1     2     0.0000
10426     2     2     0.0000
10427     1     2     0.0000
10427     2     2     0.0000
10428     1     2     0.0000
10428     2     2     0.0000
10432     1     2     0.0000
10432     2     2     0.0000
10433     1     2     0.0000
10433     2     2     0.0000
10434     1     2     0.0000
10434     2     2     0.0000
10438     1     2     0.0000
10438     2     2     0.0000
10442     1     2     0.0000
10442     2     2     0.0000
10443     1     2     0.0000
10443     2     2     0.0000
10447     1     2     0.0000
10447     2     2     0.0000
10448     1     2     0.0000
10448     2     2     0.0000
10449     1     2     0.0000
10449     2     2     0.0000
10453     1     2     0.0000
10453     2     2     0.0000
10454     1     2     0.0000
10454     2     2     0.0000
10455     1     2     0.0000
10455     2     2     0.0000
10459     1     2     0.0000
10459     2     2     0.0000
10460     1     2     0.0000
10460     2     2     0.0000
10465     1     2     0.0000
10465     2     2     0.0000
10466     1     2     0.0000
10466     2     2     0.0000
10467     1     2     0.0000
10467     2     2     0.0000
10469     1     2     0.0000
10469     2     2     0.0000
10470     1     2     0.0000
10470     2     2     0.0000
10471     1     2     0.0000
10471     2     2     0.0000
10476     1     2     0.0000
10476     2     2     0.0000
10480     1     2     0.0000
10480     2     2     0.0000
10490     1     2     0.0000
10490     2     2     0.0000
10498     1     2     0.0000
10498     2     2     0.0000
10507     1     2     0.0000
10507     2     2     0.0000
10525     1     2     0.0000
10525     2     2     0.0000
10535     1     2     0.0000
10535     2     2     0.0000
10546     1     2     0.0000
10546     2     2     0.0000
10555     1     2     0.0000
10555     2     2     0.0000
